marker,referenceSystem,date,E,N,U,E_clean,N_clean,U_clean
MUR100ITA,EURA14,2012-08-02 11:59:00,0.0,0.0,0.0,0.0,0.0,0.0
MUR100ITA,EURA14,2012-08-03 11:59:00,0.0004,0.00139,-0.00521,0.0004,0.00139,-0.00521
MUR100ITA,EURA14,2012-08-04 11:59:00,0.00011,0.00059,0.00183,0.00011,0.00059,0.00183
MUR100ITA,EURA14,2012-08-05 11:59:00,0.00174,0.00185,-0.00105,0.00174,0.00185,-0.00105
MUR100ITA,EURA14,2012-08-06 11:59:00,0.00334,0.00164,-0.00075,0.00334,0.00164,-0.00075
MUR100ITA,EURA14,2012-08-07 11:59:00,-0.00193,0.00133,0.00337,-0.00193,0.00133,0.00337
MUR100ITA,EURA14,2012-08-08 11:59:00,-0.00013,-0.00029,0.00669,-0.00013,-0.00029,0.00669
MUR100ITA,EURA14,2012-08-09 11:59:00,-0.00103,-0.00059,0.00785,-0.00103,-0.00059,0.00785
MUR100ITA,EURA14,2012-08-10 11:59:00,-0.00117,0.00087,0.00277,-0.00117,0.00087,0.00277
MUR100ITA,EURA14,2012-08-11 11:59:00,0.00059,0.00076,6e-05,0.00059,0.00076,6e-05
MUR100ITA,EURA14,2012-08-12 11:59:00,0.00096,0.0002,0.00401,0.00096,0.0002,0.00401
MUR100ITA,EURA14,2012-08-13 11:59:00,-0.00021,0.00188,0.00816,-0.00021,0.00188,0.00816
MUR100ITA,EURA14,2012-08-14 11:59:00,-0.00073,-0.00045,0.00597,-0.00073,-0.00045,0.00597
MUR100ITA,EURA14,2012-08-15 11:59:00,0.00066,0.00068,0.00597,0.00066,0.00068,0.00597
MUR100ITA,EURA14,2012-08-16 11:59:00,-0.00044,-0.00034,0.00238,-0.00044,-0.00034,0.00238
MUR100ITA,EURA14,2012-08-17 11:59:00,0.00014,0.00067,0.00403,0.00014,0.00067,0.00403
MUR100ITA,EURA14,2012-08-18 11:59:00,0.00021,0.00169,0.004,0.00021,0.00169,0.004
MUR100ITA,EURA14,2012-08-19 11:59:00,-0.00047,-0.00023,0.00237,-0.00047,-0.00023,0.00237
MUR100ITA,EURA14,2012-08-20 11:59:00,-0.00062,-0.00026,0.00276,-0.00062,-0.00026,0.00276
MUR100ITA,EURA14,2012-08-21 11:59:00,0.00057,-0.00085,0.01264,0.00057,-0.00085,0.01264
MUR100ITA,EURA14,2012-08-22 11:59:00,0.00027,0.00046,0.00772,0.00027,0.00046,0.00772
MUR100ITA,EURA14,2012-08-23 11:59:00,0.00114,1e-05,0.00218,0.00114,1e-05,0.00218
MUR100ITA,EURA14,2012-08-24 11:59:00,-0.00028,-0.00042,0.00387,-0.00028,-0.00042,0.00387
MUR100ITA,EURA14,2012-08-25 11:59:00,0.00105,-0.00014,0.00098,0.00105,-0.00014,0.00098
MUR100ITA,EURA14,2012-08-26 11:59:00,-0.00013499999999999992,-0.00021999999999999998,0.002175,-0.00013499999999999992,-0.00021999999999999998,0.002175
MUR100ITA,EURA14,2012-08-27 11:59:00,-0.00132,-0.0003,0.00337,-0.00132,-0.0003,0.00337
MUR100ITA,EURA14,2012-08-28 11:59:00,-0.00121,-0.00139,0.00821,-0.00121,-0.00139,0.00821
MUR100ITA,EURA14,2012-08-29 11:59:00,-0.00104,-0.00019,0.00259,-0.00104,-0.00019,0.00259
MUR100ITA,EURA14,2012-08-30 11:59:00,0.00138,-0.00074,-0.00092,0.00138,-0.00074,-0.00092
MUR100ITA,EURA14,2012-08-31 11:59:00,0.00017,-0.00074,0.01429,0.00017,-0.00074,0.01429
MUR100ITA,EURA14,2012-09-01 11:59:00,-0.00119,0.00063,0.01008,-0.00119,0.00063,0.01008
MUR100ITA,EURA14,2012-09-02 11:59:00,-4e-05,-0.0006,0.00311,-4e-05,-0.0006,0.00311
MUR100ITA,EURA14,2012-09-03 11:59:00,-0.00036,-0.00067,0.00498,-0.00036,-0.00067,0.00498
MUR100ITA,EURA14,2012-09-04 11:59:00,-0.00068,-0.00108,0.00518,-0.00068,-0.00108,0.00518
MUR100ITA,EURA14,2012-09-05 11:59:00,-0.0003,-0.0009,-0.00013,-0.0003,-0.0009,-0.00013
MUR100ITA,EURA14,2012-09-06 11:59:00,-0.00099,-0.00155,0.00098,-0.00099,-0.00155,0.00098
MUR100ITA,EURA14,2012-09-07 11:59:00,-0.00115,-0.00091,0.00176,-0.00115,-0.00091,0.00176
MUR100ITA,EURA14,2012-09-08 11:59:00,-0.00066,-0.00062,-0.00065,-0.00066,-0.00062,-0.00065
MUR100ITA,EURA14,2012-09-09 11:59:00,-0.00082,-0.00122,0.00821,-0.00082,-0.00122,0.00821
MUR100ITA,EURA14,2012-09-10 11:59:00,-0.00137,1e-05,0.00492,-0.00137,1e-05,0.00492
MUR100ITA,EURA14,2012-09-11 11:59:00,0.00059,0.00036,0.00152,0.00059,0.00036,0.00152
MUR100ITA,EURA14,2012-09-12 11:59:00,0.00316,-0.0001,0.01373,0.00316,-0.0001,0.01373
MUR100ITA,EURA14,2012-09-13 11:59:00,-0.0002,-0.00036,0.00301,-0.0002,-0.00036,0.00301
MUR100ITA,EURA14,2012-09-14 11:59:00,-0.00097,-0.00097,-0.00369,-0.00097,-0.00097,-0.00369
MUR100ITA,EURA14,2012-09-15 11:59:00,-0.00034,-0.00097,0.00418,-0.00034,-0.00097,0.00418
MUR100ITA,EURA14,2012-09-16 11:59:00,-0.00031,-0.00136,0.00165,-0.00031,-0.00136,0.00165
MUR100ITA,EURA14,2012-09-17 11:59:00,0.00176,-0.00015,0.00327,0.00176,-0.00015,0.00327
MUR100ITA,EURA14,2012-09-18 11:59:00,-0.00031,-0.00155,0.00461,-0.00031,-0.00155,0.00461
MUR100ITA,EURA14,2012-09-19 11:59:00,-0.00047,0.0002,0.00201,-0.00047,0.0002,0.00201
MUR100ITA,EURA14,2012-09-20 11:59:00,-0.00045,-0.0019,-0.00087,-0.00045,-0.0019,-0.00087
MUR100ITA,EURA14,2012-09-21 11:59:00,0.00109,-0.00027,0.00301,0.00109,-0.00027,0.00301
MUR100ITA,EURA14,2012-09-22 11:59:00,0.00029,-0.00084,0.00074,0.00029,-0.00084,0.00074
MUR100ITA,EURA14,2012-09-23 11:59:00,0.00149,-0.00065,0.00243,0.00149,-0.00065,0.00243
MUR100ITA,EURA14,2012-09-24 11:59:00,0.00085,-0.00396,0.00843,0.00085,-0.00396,0.00843
MUR100ITA,EURA14,2012-09-25 11:59:00,0.00338,0.0,0.00106,0.00338,0.0,0.00106
MUR100ITA,EURA14,2012-09-26 11:59:00,0.00218,-0.00225,0.00532,0.00218,-0.00225,0.00532
MUR100ITA,EURA14,2012-09-27 11:59:00,0.00172,-0.00052,0.01081,0.00172,-0.00052,0.01081
MUR100ITA,EURA14,2012-09-28 11:59:00,0.00155,-0.00044,0.0012,0.00155,-0.00044,0.0012
MUR100ITA,EURA14,2012-09-29 11:59:00,-0.00028,-0.00074,-9e-05,-0.00028,-0.00074,-9e-05
MUR100ITA,EURA14,2012-09-30 11:59:00,0.000705,-0.000615,-0.00049,0.000705,-0.000615,-0.00049
MUR100ITA,EURA14,2012-10-01 11:59:00,0.00169,-0.00049,-0.00089,0.00169,-0.00049,-0.00089
MUR100ITA,EURA14,2012-10-02 11:59:00,0.00082,-0.00093,0.00151,0.00082,-0.00093,0.00151
MUR100ITA,EURA14,2012-10-03 11:59:00,0.00126,-0.00114,-0.00165,0.00126,-0.00114,-0.00165
MUR100ITA,EURA14,2012-10-04 11:59:00,0.00192,-0.00105,0.00116,0.00192,-0.00105,0.00116
MUR100ITA,EURA14,2012-10-05 11:59:00,0.0011,-0.0015,0.00098,0.0011,-0.0015,0.00098
MUR100ITA,EURA14,2012-10-06 11:59:00,0.00013,-0.00074,0.00131,0.00013,-0.00074,0.00131
MUR100ITA,EURA14,2012-10-07 11:59:00,0.00086,-0.001,0.00434,0.00086,-0.001,0.00434
MUR100ITA,EURA14,2012-10-08 11:59:00,0.00064,-0.00082,0.00324,0.00064,-0.00082,0.00324
MUR100ITA,EURA14,2012-10-09 11:59:00,0.00053,-0.00047,0.0033,0.00053,-0.00047,0.0033
MUR100ITA,EURA14,2012-10-10 11:59:00,0.00053,-0.00041,0.00524,0.00053,-0.00041,0.00524
MUR100ITA,EURA14,2012-10-11 11:59:00,0.0009,-0.00062,0.00116,0.0009,-0.00062,0.00116
MUR100ITA,EURA14,2012-10-12 11:59:00,0.00139,-0.00142,0.007,0.00139,-0.00142,0.007
MUR100ITA,EURA14,2012-10-13 11:59:00,0.00186,-0.00183,0.00139,0.00186,-0.00183,0.00139
MUR100ITA,EURA14,2012-10-14 11:59:00,0.00066,-0.00216,0.00277,0.00066,-0.00216,0.00277
MUR100ITA,EURA14,2012-10-15 11:59:00,0.00258,-0.00162,0.00585,0.00258,-0.00162,0.00585
MUR100ITA,EURA14,2012-10-16 11:59:00,0.00179,-0.00101,0.00434,0.00179,-0.00101,0.00434
MUR100ITA,EURA14,2012-10-17 11:59:00,0.00245,-0.00172,-0.00571,0.00245,-0.00172,-0.00571
MUR100ITA,EURA14,2012-10-18 11:59:00,0.00215,-0.00219,0.00056,0.00215,-0.00219,0.00056
MUR100ITA,EURA14,2012-10-19 11:59:00,0.00207,-0.00224,0.00153,0.00207,-0.00224,0.00153
MUR100ITA,EURA14,2012-10-20 11:59:00,0.00259,-0.00087,0.00382,0.00259,-0.00087,0.00382
MUR100ITA,EURA14,2012-10-21 11:59:00,0.00172,-0.00074,0.00179,0.00172,-0.00074,0.00179
MUR100ITA,EURA14,2012-10-22 11:59:00,0.00135,-0.00081,0.00181,0.00135,-0.00081,0.00181
MUR100ITA,EURA14,2012-10-23 11:59:00,0.0016,-0.00176,0.00212,0.0016,-0.00176,0.00212
MUR100ITA,EURA14,2012-10-24 11:59:00,0.00213,-0.00204,0.00356,0.00213,-0.00204,0.00356
MUR100ITA,EURA14,2012-10-25 11:59:00,0.00079,-0.00229,0.00802,0.00079,-0.00229,0.00802
MUR100ITA,EURA14,2012-10-26 11:59:00,0.00149,-0.00222,0.00478,0.00149,-0.00222,0.00478
MUR100ITA,EURA14,2012-10-27 11:59:00,0.00717,0.00175,0.00871,0.00717,0.00175,0.00871
MUR100ITA,EURA14,2012-10-28 11:59:00,0.0045,-0.00159,0.00739,0.0045,-0.00159,0.00739
MUR100ITA,EURA14,2012-10-29 11:59:00,0.00241,-0.0019,-4e-05,0.00241,-0.0019,-4e-05
MUR100ITA,EURA14,2012-10-30 11:59:00,0.00237,-0.00178,0.00381,0.00237,-0.00178,0.00381
MUR100ITA,EURA14,2012-10-31 11:59:00,0.00122,-0.00321,0.0061,0.00122,-0.00321,0.0061
MUR100ITA,EURA14,2012-11-01 11:59:00,0.00298,0.00021,0.0039,0.00298,0.00021,0.0039
MUR100ITA,EURA14,2012-11-02 11:59:00,0.00283,-0.00423,0.00522,0.00283,-0.00423,0.00522
MUR100ITA,EURA14,2012-11-03 11:59:00,0.00268,-0.00213,-0.00026,0.00268,-0.00213,-0.00026
MUR100ITA,EURA14,2012-11-04 11:59:00,0.00184,-0.00257,0.00505,0.00184,-0.00257,0.00505
MUR100ITA,EURA14,2012-11-05 11:59:00,0.00192,-0.00111,0.00625,0.00192,-0.00111,0.00625
MUR100ITA,EURA14,2012-11-06 11:59:00,0.00305,-0.00149,-0.00453,0.00305,-0.00149,-0.00453
MUR100ITA,EURA14,2012-11-07 11:59:00,0.00145,-0.00289,-0.0023,0.00145,-0.00289,-0.0023
MUR100ITA,EURA14,2012-11-08 11:59:00,0.00224,-0.0022,-0.00014,0.00224,-0.0022,-0.00014
MUR100ITA,EURA14,2012-11-09 11:59:00,0.00117,-0.00123,0.00086,0.00117,-0.00123,0.00086
MUR100ITA,EURA14,2012-11-10 11:59:00,0.00189,-0.00319,0.00825,0.00189,-0.00319,0.00825
MUR100ITA,EURA14,2012-11-11 11:59:00,0.00254,-0.00372,0.00277,0.00254,-0.00372,0.00277
MUR100ITA,EURA14,2012-11-12 11:59:00,0.00185,-0.00125,-0.00121,0.00185,-0.00125,-0.00121
MUR100ITA,EURA14,2012-11-13 11:59:00,0.00097,-0.00135,-0.00481,0.00097,-0.00135,-0.00481
MUR100ITA,EURA14,2012-11-14 11:59:00,0.00037,-0.00138,-0.00629,0.00037,-0.00138,-0.00629
MUR100ITA,EURA14,2012-11-15 11:59:00,0.00053,-0.00165,-0.00246,0.00053,-0.00165,-0.00246
MUR100ITA,EURA14,2012-11-16 11:59:00,-0.00028,-0.00177,0.00195,-0.00028,-0.00177,0.00195
MUR100ITA,EURA14,2012-11-17 11:59:00,0.00123,-0.00236,0.00038,0.00123,-0.00236,0.00038
MUR100ITA,EURA14,2012-11-18 11:59:00,0.00029,-0.00126,0.00053,0.00029,-0.00126,0.00053
MUR100ITA,EURA14,2012-11-19 11:59:00,0.00035,-0.00174,-0.00103,0.00035,-0.00174,-0.00103
MUR100ITA,EURA14,2012-11-20 11:59:00,-0.00032,-0.00167,-0.00167,-0.00032,-0.00167,-0.00167
MUR100ITA,EURA14,2012-11-21 11:59:00,4e-05,-0.00196,-0.00232,4e-05,-0.00196,-0.00232
MUR100ITA,EURA14,2012-11-22 11:59:00,0.0001,-0.00131,-0.00117,0.0001,-0.00131,-0.00117
MUR100ITA,EURA14,2012-11-23 11:59:00,0.00067,-0.00179,-0.00367,0.00067,-0.00179,-0.00367
MUR100ITA,EURA14,2012-11-24 11:59:00,0.00063,-0.00186,-0.00055,0.00063,-0.00186,-0.00055
MUR100ITA,EURA14,2012-11-25 11:59:00,0.00172,-0.002,-0.00396,0.00172,-0.002,-0.00396
MUR100ITA,EURA14,2012-11-26 11:59:00,0.00099,-0.00188,0.00218,0.00099,-0.00188,0.00218
MUR100ITA,EURA14,2012-11-27 11:59:00,0.0006,-0.00223,0.00228,0.0006,-0.00223,0.00228
MUR100ITA,EURA14,2012-11-28 11:59:00,0.00166,-0.00234,0.00715,0.00166,-0.00234,0.00715
MUR100ITA,EURA14,2012-11-29 11:59:00,0.00119,-0.00161,0.00384,0.00119,-0.00161,0.00384
MUR100ITA,EURA14,2012-11-30 11:59:00,0.00126,-0.00181,0.00357,0.00126,-0.00181,0.00357
MUR100ITA,EURA14,2012-12-01 11:59:00,0.00017,-0.00099,-0.00329,0.00017,-0.00099,-0.00329
MUR100ITA,EURA14,2012-12-02 11:59:00,-0.00058,-0.00141,0.00031,-0.00058,-0.00141,0.00031
MUR100ITA,EURA14,2012-12-03 11:59:00,-0.00024,-0.00172,0.00039,-0.00024,-0.00172,0.00039
MUR100ITA,EURA14,2012-12-04 11:59:00,0.00325,0.00034,0.00426,0.00325,0.00034,0.00426
MUR100ITA,EURA14,2012-12-05 11:59:00,-0.00019,-0.00393,0.00109,-0.00019,-0.00393,0.00109
MUR100ITA,EURA14,2012-12-06 11:59:00,-0.00024,-0.00199,0.00401,-0.00024,-0.00199,0.00401
MUR100ITA,EURA14,2012-12-07 11:59:00,0.00078,-0.00089,0.00152,0.00078,-0.00089,0.00152
MUR100ITA,EURA14,2012-12-08 11:59:00,-0.00098,-0.00032,0.00198,-0.00098,-0.00032,0.00198
MUR100ITA,EURA14,2012-12-09 11:59:00,-0.00242,-0.00459,0.00325,-0.00242,-0.00459,0.00325
MUR100ITA,EURA14,2012-12-10 11:59:00,0.00077,-0.00122,0.00114,0.00077,-0.00122,0.00114
MUR100ITA,EURA14,2012-12-11 11:59:00,0.00092,-0.00028,0.00172,0.00092,-0.00028,0.00172
MUR100ITA,EURA14,2012-12-12 11:59:00,0.00036,-0.00124,-0.00188,0.00036,-0.00124,-0.00188
MUR100ITA,EURA14,2012-12-13 11:59:00,0.00058,-0.00074,-0.00332,0.00058,-0.00074,-0.00332
MUR100ITA,EURA14,2012-12-14 11:59:00,0.00022,-0.00107,0.00099,0.00022,-0.00107,0.00099
MUR100ITA,EURA14,2012-12-15 11:59:00,0.0017,0.00073,0.0048,0.0017,0.00073,0.0048
MUR100ITA,EURA14,2012-12-16 11:59:00,0.00157,-0.0008,0.00037,0.00157,-0.0008,0.00037
MUR100ITA,EURA14,2012-12-17 11:59:00,-4e-05,-0.00111,0.00397,-4e-05,-0.00111,0.00397
MUR100ITA,EURA14,2012-12-18 11:59:00,0.00041,-0.00057,0.00088,0.00041,-0.00057,0.00088
MUR100ITA,EURA14,2012-12-19 11:59:00,0.00076,0.00069,-0.00236,0.00076,0.00069,-0.00236
MUR100ITA,EURA14,2012-12-20 11:59:00,-0.00025,-0.00176,0.00121,-0.00025,-0.00176,0.00121
MUR100ITA,EURA14,2012-12-21 11:59:00,0.00063,-0.00071,-0.00065,0.00063,-0.00071,-0.00065
MUR100ITA,EURA14,2012-12-22 11:59:00,0.00072,-0.00067,0.00091,0.00072,-0.00067,0.00091
MUR100ITA,EURA14,2012-12-23 11:59:00,0.00045,-0.00074,-0.00021,0.00045,-0.00074,-0.00021
MUR100ITA,EURA14,2012-12-24 11:59:00,0.00108,-0.00025,-0.00464,0.00108,-0.00025,-0.00464
MUR100ITA,EURA14,2012-12-25 11:59:00,8e-05,-0.00066,-0.0002,8e-05,-0.00066,-0.0002
MUR100ITA,EURA14,2012-12-26 11:59:00,0.00114,-0.001,0.00217,0.00114,-0.001,0.00217
MUR100ITA,EURA14,2012-12-27 11:59:00,0.00084,-0.00125,-0.00501,0.00084,-0.00125,-0.00501
MUR100ITA,EURA14,2012-12-28 11:59:00,-0.00094,-0.00362,-0.00083,-0.00094,-0.00362,-0.00083
MUR100ITA,EURA14,2012-12-29 11:59:00,-2e-05,-0.00042,-0.00067,-2e-05,-0.00042,-0.00067
MUR100ITA,EURA14,2012-12-30 11:59:00,0.00031,-0.0006,0.00273,0.00031,-0.0006,0.00273
MUR100ITA,EURA14,2012-12-31 11:59:00,0.0002,-0.00083,0.00117,0.0002,-0.00083,0.00117
MUR100ITA,EURA14,2013-01-01 11:59:00,0.00031,-0.00046,0.0016,0.00031,-0.00046,0.0016
MUR100ITA,EURA14,2013-01-02 11:59:00,0.00017,-0.00065,-0.00161,0.00017,-0.00065,-0.00161
MUR100ITA,EURA14,2013-01-03 11:59:00,8e-05,-0.00043,-0.00427,8e-05,-0.00043,-0.00427
MUR100ITA,EURA14,2013-01-04 11:59:00,-0.00011,-0.00015,-0.00059,-0.00011,-0.00015,-0.00059
MUR100ITA,EURA14,2013-01-05 11:59:00,-0.00079,-0.00056,0.00043,-0.00079,-0.00056,0.00043
MUR100ITA,EURA14,2013-01-06 11:59:00,-0.00056,-0.00056,0.00348,-0.00056,-0.00056,0.00348
MUR100ITA,EURA14,2013-01-07 11:59:00,-0.00018,0.00013,0.00193,-0.00018,0.00013,0.00193
MUR100ITA,EURA14,2013-01-08 11:59:00,0.0003,-0.00021,-0.00149,0.0003,-0.00021,-0.00149
MUR100ITA,EURA14,2013-01-09 11:59:00,3e-05,-0.0004,-0.00043,3e-05,-0.0004,-0.00043
MUR100ITA,EURA14,2013-01-10 11:59:00,0.00026,-0.00023,0.00217,0.00026,-0.00023,0.00217
MUR100ITA,EURA14,2013-01-11 11:59:00,-0.00032,-0.00039,0.00155,-0.00032,-0.00039,0.00155
MUR100ITA,EURA14,2013-01-12 11:59:00,0.00036,-0.00095,0.00179,0.00036,-0.00095,0.00179
MUR100ITA,EURA14,2013-01-13 11:59:00,0.00097,-0.00068,-0.00206,0.00097,-0.00068,-0.00206
MUR100ITA,EURA14,2013-01-14 11:59:00,8e-05,0.00052,0.00599,8e-05,0.00052,0.00599
MUR100ITA,EURA14,2013-01-15 11:59:00,0.00125,-0.00092,0.00435,0.00125,-0.00092,0.00435
MUR100ITA,EURA14,2013-01-16 11:59:00,0.00089,-0.00047,0.00339,0.00089,-0.00047,0.00339
MUR100ITA,EURA14,2013-01-17 11:59:00,-0.00064,-0.001,0.00313,-0.00064,-0.001,0.00313
MUR100ITA,EURA14,2013-01-18 11:59:00,0.0003,-6e-05,0.0021,0.0003,-6e-05,0.0021
MUR100ITA,EURA14,2013-01-19 11:59:00,0.00023,-0.00092,0.00188,0.00023,-0.00092,0.00188
MUR100ITA,EURA14,2013-01-20 11:59:00,0.00084,-0.00106,0.00143,0.00084,-0.00106,0.00143
MUR100ITA,EURA14,2013-01-21 11:59:00,0.00016,-0.00046,-0.00166,0.00016,-0.00046,-0.00166
MUR100ITA,EURA14,2013-01-22 11:59:00,0.0004,-0.00143,-0.00406,0.0004,-0.00143,-0.00406
MUR100ITA,EURA14,2013-01-23 11:59:00,-5e-05,-0.00121,0.0005,-5e-05,-0.00121,0.0005
MUR100ITA,EURA14,2013-01-24 11:59:00,-0.00033,-0.00132,-0.00094,-0.00033,-0.00132,-0.00094
MUR100ITA,EURA14,2013-01-25 11:59:00,-0.00031,-0.002,0.00152,-0.00031,-0.002,0.00152
MUR100ITA,EURA14,2013-01-26 11:59:00,-0.00036,-0.00076,-0.00267,-0.00036,-0.00076,-0.00267
MUR100ITA,EURA14,2013-01-27 11:59:00,-0.00062,-0.00122,-0.00265,-0.00062,-0.00122,-0.00265
MUR100ITA,EURA14,2013-01-28 11:59:00,-0.00101,-0.00099,-0.00417,-0.00101,-0.00099,-0.00417
MUR100ITA,EURA14,2013-01-29 11:59:00,-0.00047,-0.00129,-0.00685,-0.00047,-0.00129,-0.00685
MUR100ITA,EURA14,2013-01-30 11:59:00,0.0006,-0.00104,-0.00402,0.0006,-0.00104,-0.00402
MUR100ITA,EURA14,2013-01-31 11:59:00,-0.0013,-0.0013,-0.00244,-0.0013,-0.0013,-0.00244
MUR100ITA,EURA14,2013-02-01 11:59:00,0.00089,-0.00074,-0.00284,0.00089,-0.00074,-0.00284
MUR100ITA,EURA14,2013-02-02 11:59:00,-0.00062,0.00127,0.005,-0.00062,0.00127,0.005
MUR100ITA,EURA14,2013-02-03 11:59:00,-0.00128,-0.00276,-0.00253,-0.00128,-0.00276,-0.00253
MUR100ITA,EURA14,2013-02-04 11:59:00,-0.00098,-0.00063,-0.00409,-0.00098,-0.00063,-0.00409
MUR100ITA,EURA14,2013-02-05 11:59:00,1e-05,-0.00048,-0.00037,1e-05,-0.00048,-0.00037
MUR100ITA,EURA14,2013-02-06 11:59:00,0.00053,-0.00142,0.00613,0.00053,-0.00142,0.00613
MUR100ITA,EURA14,2013-02-07 11:59:00,-0.00159,-0.00108,0.00514,-0.00159,-0.00108,0.00514
MUR100ITA,EURA14,2013-02-08 11:59:00,-0.00025,-0.00133,0.00221,-0.00025,-0.00133,0.00221
MUR100ITA,EURA14,2013-02-09 11:59:00,-0.00163,-0.00174,0.00163,-0.00163,-0.00174,0.00163
MUR100ITA,EURA14,2013-02-10 11:59:00,-0.00063,-0.00108,0.00348,-0.00063,-0.00108,0.00348
MUR100ITA,EURA14,2013-02-11 11:59:00,0.00016,-0.0001,0.00307,0.00016,-0.0001,0.00307
MUR100ITA,EURA14,2013-02-12 11:59:00,-0.00037,-0.00082,0.00096,-0.00037,-0.00082,0.00096
MUR100ITA,EURA14,2013-02-13 11:59:00,-0.00075,-0.00072,0.00099,-0.00075,-0.00072,0.00099
MUR100ITA,EURA14,2013-02-14 11:59:00,-0.00084,0.00037,-0.00117,-0.00084,0.00037,-0.00117
MUR100ITA,EURA14,2013-02-15 11:59:00,0.00016,-1e-05,-0.00052,0.00016,-1e-05,-0.00052
MUR100ITA,EURA14,2013-02-16 11:59:00,-0.00032,-0.00061,0.00068,-0.00032,-0.00061,0.00068
MUR100ITA,EURA14,2013-02-17 11:59:00,-0.00048,-0.00017,0.00162,-0.00048,-0.00017,0.00162
MUR100ITA,EURA14,2013-02-18 11:59:00,-7e-05,-0.00019,-0.00084,-7e-05,-0.00019,-0.00084
MUR100ITA,EURA14,2013-02-19 11:59:00,0.00036,-0.00012,0.0009,0.00036,-0.00012,0.0009
MUR100ITA,EURA14,2013-02-20 11:59:00,-0.00053,-0.00053,0.00363,-0.00053,-0.00053,0.00363
MUR100ITA,EURA14,2013-02-21 11:59:00,-0.00045,-0.00091,0.00353,-0.00045,-0.00091,0.00353
MUR100ITA,EURA14,2013-02-22 11:59:00,-0.00262,0.00034,0.00688,-0.00262,0.00034,0.00688
MUR100ITA,EURA14,2013-02-23 11:59:00,-0.00113,0.00235,0.00197,-0.00113,0.00235,0.00197
MUR100ITA,EURA14,2013-02-24 11:59:00,0.00145,-0.00041,0.00208,0.00145,-0.00041,0.00208
MUR100ITA,EURA14,2013-02-25 11:59:00,-0.00043,-0.00081,0.00161,-0.00043,-0.00081,0.00161
MUR100ITA,EURA14,2013-02-26 11:59:00,-0.00037,-0.00042,-0.00069,-0.00037,-0.00042,-0.00069
MUR100ITA,EURA14,2013-02-27 11:59:00,-0.00035,0.00028,-0.00168,-0.00035,0.00028,-0.00168
MUR100ITA,EURA14,2013-02-28 11:59:00,-0.00028,-0.00084,-0.00069,-0.00028,-0.00084,-0.00069
MUR100ITA,EURA14,2013-03-01 11:59:00,0.00059,-0.00061,0.00517,0.00059,-0.00061,0.00517
MUR100ITA,EURA14,2013-03-02 11:59:00,0.002,0.00061,0.00402,0.002,0.00061,0.00402
MUR100ITA,EURA14,2013-03-03 11:59:00,0.00089,-0.00078,0.00377,0.00089,-0.00078,0.00377
MUR100ITA,EURA14,2013-03-04 11:59:00,0.00023,-0.00015,0.00309,0.00023,-0.00015,0.00309
MUR100ITA,EURA14,2013-03-05 11:59:00,0.00136,-0.00114,0.0038,0.00136,-0.00114,0.0038
MUR100ITA,EURA14,2013-03-06 11:59:00,0.00125,-0.00025,-0.00029,0.00125,-0.00025,-0.00029
MUR100ITA,EURA14,2013-03-07 11:59:00,0.00015,-0.00016,0.00381,0.00015,-0.00016,0.00381
MUR100ITA,EURA14,2013-03-08 11:59:00,0.00038,-0.00133,0.00419,0.00038,-0.00133,0.00419
MUR100ITA,EURA14,2013-03-09 11:59:00,0.00074,-0.00043,0.00015,0.00074,-0.00043,0.00015
MUR100ITA,EURA14,2013-03-10 11:59:00,-0.00049,-0.00059,0.00194,-0.00049,-0.00059,0.00194
MUR100ITA,EURA14,2013-03-11 11:59:00,0.00011,-0.00098,0.0059,0.00011,-0.00098,0.0059
MUR100ITA,EURA14,2013-03-12 11:59:00,0.00085,-0.00056,0.00574,0.00085,-0.00056,0.00574
MUR100ITA,EURA14,2013-03-13 11:59:00,0.00044,0.00044,0.00579,0.00044,0.00044,0.00579
MUR100ITA,EURA14,2013-03-14 11:59:00,0.0005,-0.0016,0.00513,0.0005,-0.0016,0.00513
MUR100ITA,EURA14,2013-03-15 11:59:00,0.00036,-0.00035,0.00269,0.00036,-0.00035,0.00269
MUR100ITA,EURA14,2013-03-16 11:59:00,0.00115,-0.00031,-0.00167,0.00115,-0.00031,-0.00167
MUR100ITA,EURA14,2013-03-17 11:59:00,0.00104,-0.00038,-0.00045,0.00104,-0.00038,-0.00045
MUR100ITA,EURA14,2013-03-18 11:59:00,0.00309,-0.00079,0.00081,0.00309,-0.00079,0.00081
MUR100ITA,EURA14,2013-03-19 11:59:00,0.00218,-0.00127,0.00636,0.00218,-0.00127,0.00636
MUR100ITA,EURA14,2013-03-20 11:59:00,0.00023,-0.00043,-0.00037,0.00023,-0.00043,-0.00037
MUR100ITA,EURA14,2013-03-21 11:59:00,0.00092,-0.00056,0.0015,0.00092,-0.00056,0.0015
MUR100ITA,EURA14,2013-03-22 11:59:00,0.0013,0.00069,-0.00118,0.0013,0.00069,-0.00118
MUR100ITA,EURA14,2013-03-23 11:59:00,0.00158,0.00049,0.00277,0.00158,0.00049,0.00277
MUR100ITA,EURA14,2013-03-24 11:59:00,0.00127,0.00055,0.00445,0.00127,0.00055,0.00445
MUR100ITA,EURA14,2013-03-25 11:59:00,0.00151,0.00085,0.00329,0.00151,0.00085,0.00329
MUR100ITA,EURA14,2013-03-26 11:59:00,0.00188,0.00046,0.00357,0.00188,0.00046,0.00357
MUR100ITA,EURA14,2013-03-27 11:59:00,0.00064,0.00022,0.00389,0.00064,0.00022,0.00389
MUR100ITA,EURA14,2013-03-28 11:59:00,0.00122,0.00098,-0.00096,0.00122,0.00098,-0.00096
MUR100ITA,EURA14,2013-03-29 11:59:00,0.00146,-0.00024,0.00508,0.00146,-0.00024,0.00508
MUR100ITA,EURA14,2013-03-30 11:59:00,0.00343,0.00114,0.00459,0.00343,0.00114,0.00459
MUR100ITA,EURA14,2013-03-31 11:59:00,0.00095,0.00166,-0.00211,0.00095,0.00166,-0.00211
MUR100ITA,EURA14,2013-04-01 11:59:00,0.00171,0.00116,0.00196,0.00171,0.00116,0.00196
MUR100ITA,EURA14,2013-04-02 11:59:00,0.00195,0.00269,-0.00267,0.00195,0.00269,-0.00267
MUR100ITA,EURA14,2013-04-03 11:59:00,0.00162,0.00114,0.0031,0.00162,0.00114,0.0031
MUR100ITA,EURA14,2013-04-04 11:59:00,0.00065,0.00101,0.00095,0.00065,0.00101,0.00095
MUR100ITA,EURA14,2013-04-05 11:59:00,0.00177,0.00242,0.00335,0.00177,0.00242,0.00335
MUR100ITA,EURA14,2013-04-06 11:59:00,2e-05,0.00219,-0.00123,2e-05,0.00219,-0.00123
MUR100ITA,EURA14,2013-04-07 11:59:00,-0.00066,0.00188,-9e-05,-0.00066,0.00188,-9e-05
MUR100ITA,EURA14,2013-04-08 11:59:00,0.00038,0.00162,-0.00297,0.00038,0.00162,-0.00297
MUR100ITA,EURA14,2013-04-09 11:59:00,0.00083,0.0024,-0.00247,0.00083,0.0024,-0.00247
MUR100ITA,EURA14,2013-04-10 11:59:00,0.00063,0.00124,0.00058,0.00063,0.00124,0.00058
MUR100ITA,EURA14,2013-04-11 11:59:00,0.00046,0.00125,-0.00537,0.00046,0.00125,-0.00537
MUR100ITA,EURA14,2013-04-12 11:59:00,0.0023,0.00314,0.0015,0.0023,0.00314,0.0015
MUR100ITA,EURA14,2013-04-13 11:59:00,0.00196,0.00176,-0.00371,0.00196,0.00176,-0.00371
MUR100ITA,EURA14,2013-04-14 11:59:00,0.00056,0.00163,-0.00141,0.00056,0.00163,-0.00141
MUR100ITA,EURA14,2013-04-15 11:59:00,0.00143,0.00147,-0.00221,0.00143,0.00147,-0.00221
MUR100ITA,EURA14,2013-04-16 11:59:00,0.00159,0.00332,-0.00097,0.00159,0.00332,-0.00097
MUR100ITA,EURA14,2013-04-17 11:59:00,0.00096,0.00283,-0.00265,0.00096,0.00283,-0.00265
MUR100ITA,EURA14,2013-04-18 11:59:00,-0.0001,0.00189,-0.00074,-0.0001,0.00189,-0.00074
MUR100ITA,EURA14,2013-04-19 11:59:00,0.00091,0.00241,0.0,0.00091,0.00241,0.0
MUR100ITA,EURA14,2013-04-20 11:59:00,0.00081,0.00255,0.00085,0.00081,0.00255,0.00085
MUR100ITA,EURA14,2013-04-21 11:59:00,0.0001,0.00281,-0.00096,0.0001,0.00281,-0.00096
MUR100ITA,EURA14,2013-04-22 11:59:00,0.00073,0.00186,0.00065,0.00073,0.00186,0.00065
MUR100ITA,EURA14,2013-04-23 11:59:00,-4e-05,0.0014,-0.00237,-4e-05,0.0014,-0.00237
MUR100ITA,EURA14,2013-04-24 11:59:00,0.00134,0.002,-0.00329,0.00134,0.002,-0.00329
MUR100ITA,EURA14,2013-04-25 11:59:00,0.00092,0.00192,-0.00227,0.00092,0.00192,-0.00227
MUR100ITA,EURA14,2013-04-26 11:59:00,0.00125,0.00168,0.00135,0.00125,0.00168,0.00135
MUR100ITA,EURA14,2013-04-27 11:59:00,0.00155,0.00165,-0.00119,0.00155,0.00165,-0.00119
MUR100ITA,EURA14,2013-04-28 11:59:00,0.00155,0.00165,0.00066,0.00155,0.00165,0.00066
MUR100ITA,EURA14,2013-04-29 11:59:00,0.00102,0.00233,0.00189,0.00102,0.00233,0.00189
MUR100ITA,EURA14,2013-04-30 11:59:00,0.00043,0.00099,0.00547,0.00043,0.00099,0.00547
MUR100ITA,EURA14,2013-05-01 11:59:00,0.00168,0.00219,0.00167,0.00168,0.00219,0.00167
MUR100ITA,EURA14,2013-05-02 11:59:00,0.002,0.00257,-0.00417,0.002,0.00257,-0.00417
MUR100ITA,EURA14,2013-05-03 11:59:00,5e-05,0.00181,0.00317,5e-05,0.00181,0.00317
MUR100ITA,EURA14,2013-05-04 11:59:00,0.00014,0.00231,0.00232,0.00014,0.00231,0.00232
MUR100ITA,EURA14,2013-05-05 11:59:00,0.00147,0.00275,0.00113,0.00147,0.00275,0.00113
MUR100ITA,EURA14,2013-05-06 11:59:00,0.00074,0.00202,0.00105,0.00074,0.00202,0.00105
MUR100ITA,EURA14,2013-05-07 11:59:00,0.00123,0.00194,-0.0015,0.00123,0.00194,-0.0015
MUR100ITA,EURA14,2013-05-08 11:59:00,0.0019,0.0026,-0.00135,0.0019,0.0026,-0.00135
MUR100ITA,EURA14,2013-05-09 11:59:00,0.00101,0.00235,-0.00259,0.00101,0.00235,-0.00259
MUR100ITA,EURA14,2013-05-10 11:59:00,0.00158,0.0032,-0.00447,0.00158,0.0032,-0.00447
MUR100ITA,EURA14,2013-05-11 11:59:00,0.00255,0.0031,-0.00477,0.00255,0.0031,-0.00477
MUR100ITA,EURA14,2013-05-12 11:59:00,-0.00099,0.00188,0.00136,-0.00099,0.00188,0.00136
MUR100ITA,EURA14,2013-05-13 11:59:00,0.00041,0.00193,-0.00097,0.00041,0.00193,-0.00097
MUR100ITA,EURA14,2013-05-14 11:59:00,0.00028,0.00148,0.00296,0.00028,0.00148,0.00296
MUR100ITA,EURA14,2013-05-15 11:59:00,0.00115,0.00186,0.00201,0.00115,0.00186,0.00201
MUR100ITA,EURA14,2013-05-16 11:59:00,0.00022,0.00095,0.00671,0.00022,0.00095,0.00671
MUR100ITA,EURA14,2013-05-17 11:59:00,0.00199,0.00094,0.00234,0.00199,0.00094,0.00234
MUR100ITA,EURA14,2013-05-18 11:59:00,0.00236,0.0034,-0.00154,0.00236,0.0034,-0.00154
MUR100ITA,EURA14,2013-05-19 11:59:00,0.00019,0.00223,0.00444,0.00019,0.00223,0.00444
MUR100ITA,EURA14,2013-05-20 11:59:00,0.0017,0.00053,-0.0032,0.0017,0.00053,-0.0032
MUR100ITA,EURA14,2013-05-21 11:59:00,0.00057,0.00185,-0.00281,0.00057,0.00185,-0.00281
MUR100ITA,EURA14,2013-05-22 11:59:00,0.00136,0.00032,0.00134,0.00136,0.00032,0.00134
MUR100ITA,EURA14,2013-05-23 11:59:00,0.00146,0.00182,0.00023,0.00146,0.00182,0.00023
MUR100ITA,EURA14,2013-05-24 11:59:00,0.00311,0.00211,0.00238,0.00311,0.00211,0.00238
MUR100ITA,EURA14,2013-05-25 11:59:00,0.00127,0.00097,-0.00371,0.00127,0.00097,-0.00371
MUR100ITA,EURA14,2013-05-26 11:59:00,0.00232,0.0004,-0.00336,0.00232,0.0004,-0.00336
MUR100ITA,EURA14,2013-05-27 11:59:00,0.00206,0.00099,-0.00417,0.00206,0.00099,-0.00417
MUR100ITA,EURA14,2013-05-28 11:59:00,0.00082,0.00063,-0.00038,0.00082,0.00063,-0.00038
MUR100ITA,EURA14,2013-05-29 11:59:00,-0.00011,0.00114,-0.00208,-0.00011,0.00114,-0.00208
MUR100ITA,EURA14,2013-05-30 11:59:00,0.00166,0.0013,-0.00367,0.00166,0.0013,-0.00367
MUR100ITA,EURA14,2013-05-31 11:59:00,0.00139,0.00109,0.00189,0.00139,0.00109,0.00189
MUR100ITA,EURA14,2013-06-01 11:59:00,0.00147,0.00324,-0.0046,0.00147,0.00324,-0.0046
MUR100ITA,EURA14,2013-06-02 11:59:00,0.00023,0.00305,-0.00087,0.00023,0.00305,-0.00087
MUR100ITA,EURA14,2013-06-03 11:59:00,0.00051,0.00343,-0.00266,0.00051,0.00343,-0.00266
MUR100ITA,EURA14,2013-06-04 11:59:00,0.00153,0.0015,-0.0034,0.00153,0.0015,-0.0034
MUR100ITA,EURA14,2013-06-05 11:59:00,0.00031,0.00388,-0.00139,0.00031,0.00388,-0.00139
MUR100ITA,EURA14,2013-06-06 11:59:00,0.00015,0.00239,-0.00099,0.00015,0.00239,-0.00099
MUR100ITA,EURA14,2013-06-07 11:59:00,0.00045,0.00153,-0.00116,0.00045,0.00153,-0.00116
MUR100ITA,EURA14,2013-06-08 11:59:00,0.00132,0.00189,0.002,0.00132,0.00189,0.002
MUR100ITA,EURA14,2013-06-09 11:59:00,-0.00019,0.00253,0.0,-0.00019,0.00253,0.0
MUR100ITA,EURA14,2013-06-10 11:59:00,0.00103,0.00239,-0.00335,0.00103,0.00239,-0.00335
MUR100ITA,EURA14,2013-06-11 11:59:00,0.0007,0.00291,-0.00609,0.0007,0.00291,-0.00609
MUR100ITA,EURA14,2013-06-12 11:59:00,-0.0006,0.00242,0.00034,-0.0006,0.00242,0.00034
MUR100ITA,EURA14,2013-06-13 11:59:00,-0.00024,0.00215,-0.0019,-0.00024,0.00215,-0.0019
MUR100ITA,EURA14,2013-06-14 11:59:00,0.00125,0.00262,-0.00123,0.00125,0.00262,-0.00123
MUR100ITA,EURA14,2013-06-15 11:59:00,0.00045,0.00214,8e-05,0.00045,0.00214,8e-05
MUR100ITA,EURA14,2013-06-16 11:59:00,0.00167,0.00243,-0.00203,0.00167,0.00243,-0.00203
MUR100ITA,EURA14,2013-06-17 11:59:00,0.00163,0.00195,0.00177,0.00163,0.00195,0.00177
MUR100ITA,EURA14,2013-06-18 11:59:00,0.00016,0.00341,0.0002,0.00016,0.00341,0.0002
MUR100ITA,EURA14,2013-06-19 11:59:00,-2e-05,0.00297,0.00335,-2e-05,0.00297,0.00335
MUR100ITA,EURA14,2013-06-20 11:59:00,0.00139,0.00214,-0.00207,0.00139,0.00214,-0.00207
MUR100ITA,EURA14,2013-06-21 11:59:00,0.00017,0.00151,-0.0009,0.00017,0.00151,-0.0009
MUR100ITA,EURA14,2013-06-22 11:59:00,0.00101,0.00244,-0.00061,0.00101,0.00244,-0.00061
MUR100ITA,EURA14,2013-06-23 11:59:00,0.00158,0.00342,0.0006,0.00158,0.00342,0.0006
MUR100ITA,EURA14,2013-06-24 11:59:00,0.00079,0.00218,0.01045,0.00079,0.00218,0.01045
MUR100ITA,EURA14,2013-06-25 11:59:00,0.00075,0.0023,0.00332,0.00075,0.0023,0.00332
MUR100ITA,EURA14,2013-06-26 11:59:00,0.0007,0.00302,-0.00092,0.0007,0.00302,-0.00092
MUR100ITA,EURA14,2013-06-27 11:59:00,0.00125,0.0035,-0.0005,0.00125,0.0035,-0.0005
MUR100ITA,EURA14,2013-06-28 11:59:00,0.00082,0.00419,-0.00268,0.00082,0.00419,-0.00268
MUR100ITA,EURA14,2013-06-29 11:59:00,4e-05,0.0023,0.00037,4e-05,0.0023,0.00037
MUR100ITA,EURA14,2013-06-30 11:59:00,0.00117,0.00332,-0.00134,0.00117,0.00332,-0.00134
MUR100ITA,EURA14,2013-07-01 11:59:00,0.00211,0.0025,-0.00156,0.00211,0.0025,-0.00156
MUR100ITA,EURA14,2013-07-02 11:59:00,0.00155,0.00335,-0.00088,0.00155,0.00335,-0.00088
MUR100ITA,EURA14,2013-07-03 11:59:00,0.0024,0.00306,-0.00108,0.0024,0.00306,-0.00108
MUR100ITA,EURA14,2013-07-04 11:59:00,0.00118,0.00338,0.00246,0.00118,0.00338,0.00246
MUR100ITA,EURA14,2013-07-05 11:59:00,-0.00245,0.00023,0.00925,-0.00245,0.00023,0.00925
MUR100ITA,EURA14,2013-07-06 11:59:00,0.00145,0.00354,-0.00534,0.00145,0.00354,-0.00534
MUR100ITA,EURA14,2013-07-07 11:59:00,0.0001,0.00232,-0.00456,0.0001,0.00232,-0.00456
MUR100ITA,EURA14,2013-07-08 11:59:00,-0.00111,0.0025,-0.00508,-0.00111,0.0025,-0.00508
MUR100ITA,EURA14,2013-07-09 11:59:00,-0.00059,0.0022,0.00118,-0.00059,0.0022,0.00118
MUR100ITA,EURA14,2013-07-10 11:59:00,0.00187,0.00313,-0.00538,0.00187,0.00313,-0.00538
MUR100ITA,EURA14,2013-07-11 11:59:00,0.00113,0.00247,0.00157,0.00113,0.00247,0.00157
MUR100ITA,EURA14,2013-07-30 11:59:00,-0.00287,0.00393,0.00287,-0.00287,0.00393,0.00287
MUR100ITA,EURA14,2013-07-31 11:59:00,-0.00257,0.00633,-0.00427,-0.00257,0.00633,-0.00427
MUR100ITA,EURA14,2013-08-01 11:59:00,0.00319,0.01042,0.00836,0.00319,0.01042,0.00836
MUR100ITA,EURA14,2013-08-02 11:59:00,0.00217,0.01066,0.00781,0.00217,0.01066,0.00781
MUR100ITA,EURA14,2013-08-03 11:59:00,0.00328,0.01069,0.00735,0.00328,0.01069,0.00735
MUR100ITA,EURA14,2013-08-04 11:59:00,0.00447,0.01102,0.00712,0.00447,0.01102,0.00712
MUR100ITA,EURA14,2013-08-05 11:59:00,0.00305,0.00953,0.01256,0.00305,0.00953,0.01256
MUR100ITA,EURA14,2013-08-06 11:59:00,0.00391,0.01098,0.01408,0.00391,0.01098,0.01408
MUR100ITA,EURA14,2013-08-07 11:59:00,0.00252,0.01011,0.01208,0.00252,0.01011,0.01208
MUR100ITA,EURA14,2013-08-08 11:59:00,0.00371,0.01043,0.01364,0.00371,0.01043,0.01364
MUR100ITA,EURA14,2013-08-09 11:59:00,0.00321,0.01062,0.01247,0.00321,0.01062,0.01247
MUR100ITA,EURA14,2013-08-10 11:59:00,0.00326,0.0102,0.01153,0.00326,0.0102,0.01153
MUR100ITA,EURA14,2013-08-11 11:59:00,0.00355,0.01032,0.01112,0.00355,0.01032,0.01112
MUR100ITA,EURA14,2013-08-12 11:59:00,0.00321,0.01101,0.01156,0.00321,0.01101,0.01156
MUR100ITA,EURA14,2013-08-13 11:59:00,0.00361,0.01155,0.0103,0.00361,0.01155,0.0103
MUR100ITA,EURA14,2013-08-14 11:59:00,0.00439,0.01084,0.00864,0.00439,0.01084,0.00864
MUR100ITA,EURA14,2013-08-15 11:59:00,0.0044,0.00989,0.00994,0.0044,0.00989,0.00994
MUR100ITA,EURA14,2013-08-16 11:59:00,0.00331,0.0111,0.01283,0.00331,0.0111,0.01283
MUR100ITA,EURA14,2013-08-17 11:59:00,0.00399,0.01118,0.01123,0.00399,0.01118,0.01123
MUR100ITA,EURA14,2013-08-18 11:59:00,0.0024,0.01189,0.00202,0.0024,0.01189,0.00202
MUR100ITA,EURA14,2013-08-19 11:59:00,0.00247,0.00903,0.01296,0.00247,0.00903,0.01296
MUR100ITA,EURA14,2013-08-20 11:59:00,0.00271,0.00886,0.0124,0.00271,0.00886,0.0124
MUR100ITA,EURA14,2013-08-21 11:59:00,0.0038,0.01142,0.00842,0.0038,0.01142,0.00842
MUR100ITA,EURA14,2013-08-22 11:59:00,0.0034,0.01225,0.0133,0.0034,0.01225,0.0133
MUR100ITA,EURA14,2013-08-23 11:59:00,0.00332,0.01003,0.01069,0.00332,0.01003,0.01069
MUR100ITA,EURA14,2013-08-24 11:59:00,0.00495,0.01106,0.00414,0.00495,0.01106,0.00414
MUR100ITA,EURA14,2013-08-25 11:59:00,0.00448,0.0125,0.01521,0.00448,0.0125,0.01521
MUR100ITA,EURA14,2013-08-26 11:59:00,0.00408,0.00963,0.01121,0.00408,0.00963,0.01121
MUR100ITA,EURA14,2013-08-27 11:59:00,0.00431,0.01146,0.01402,0.00431,0.01146,0.01402
MUR100ITA,EURA14,2013-08-28 11:59:00,0.00281,0.0103,0.01245,0.00281,0.0103,0.01245
MUR100ITA,EURA14,2013-08-29 11:59:00,0.00389,0.01003,0.00964,0.00389,0.01003,0.00964
MUR100ITA,EURA14,2013-08-30 11:59:00,0.00227,0.00962,0.00677,0.00227,0.00962,0.00677
MUR100ITA,EURA14,2013-08-31 11:59:00,0.00368,0.00946,0.00593,0.00368,0.00946,0.00593
MUR100ITA,EURA14,2013-09-01 11:59:00,0.00362,0.00891,0.00575,0.00362,0.00891,0.00575
MUR100ITA,EURA14,2013-09-02 11:59:00,0.00356,0.01007,0.00708,0.00356,0.01007,0.00708
MUR100ITA,EURA14,2013-09-03 11:59:00,0.00361,0.00983,0.01136,0.00361,0.00983,0.01136
MUR100ITA,EURA14,2013-09-04 11:59:00,0.00343,0.01074,0.00855,0.00343,0.01074,0.00855
MUR100ITA,EURA14,2013-09-05 11:59:00,0.00417,0.00912,0.01168,0.00417,0.00912,0.01168
MUR100ITA,EURA14,2013-09-06 11:59:00,0.00218,0.0103,0.01233,0.00218,0.0103,0.01233
MUR100ITA,EURA14,2013-09-07 11:59:00,0.00313,0.00996,0.01871,0.00313,0.00996,0.01871
MUR100ITA,EURA14,2013-09-08 11:59:00,0.00348,0.00883,0.0111,0.00348,0.00883,0.0111
MUR100ITA,EURA14,2013-09-09 11:59:00,0.00373,0.009195,0.01009,0.00373,0.009195,0.01009
MUR100ITA,EURA14,2013-09-10 11:59:00,0.00398,0.00956,0.00908,0.00398,0.00956,0.00908
MUR100ITA,EURA14,2013-09-11 11:59:00,0.00146,0.0072,0.01397,0.00146,0.0072,0.01397
MUR100ITA,EURA14,2013-09-12 11:59:00,0.0023,0.00993,0.00417,0.0023,0.00993,0.00417
MUR100ITA,EURA14,2013-09-13 11:59:00,0.00233,0.00987,0.01337,0.00233,0.00987,0.01337
MUR100ITA,EURA14,2013-09-14 11:59:00,0.00276,0.00969,0.01199,0.00276,0.00969,0.01199
MUR100ITA,EURA14,2013-09-15 11:59:00,0.00341,0.00907,0.01452,0.00341,0.00907,0.01452
MUR100ITA,EURA14,2013-09-16 11:59:00,0.00294,0.01034,0.00625,0.00294,0.01034,0.00625
MUR100ITA,EURA14,2013-09-17 11:59:00,0.00381,0.01003,0.01533,0.00381,0.01003,0.01533
MUR100ITA,EURA14,2013-09-18 11:59:00,0.0039,0.00973,0.01222,0.0039,0.00973,0.01222
MUR100ITA,EURA14,2013-09-19 11:59:00,0.00439,0.00886,0.00888,0.00439,0.00886,0.00888
MUR100ITA,EURA14,2013-09-20 11:59:00,0.00388,0.00898,0.00968,0.00388,0.00898,0.00968
MUR100ITA,EURA14,2013-09-21 11:59:00,0.00473,0.01158,0.0106,0.00473,0.01158,0.0106
MUR100ITA,EURA14,2013-09-22 11:59:00,0.00424,0.00886,0.00511,0.00424,0.00886,0.00511
MUR100ITA,EURA14,2013-09-23 11:59:00,0.00364,0.01099,0.01021,0.00364,0.01099,0.01021
MUR100ITA,EURA14,2013-09-24 11:59:00,0.00412,0.01039,0.00857,0.00412,0.01039,0.00857
MUR100ITA,EURA14,2013-09-25 11:59:00,0.00412,0.00832,0.00977,0.00412,0.00832,0.00977
MUR100ITA,EURA14,2013-09-26 11:59:00,0.00408,0.00975,0.01216,0.00408,0.00975,0.01216
MUR100ITA,EURA14,2013-09-27 11:59:00,0.00372,0.00949,0.01129,0.00372,0.00949,0.01129
MUR100ITA,EURA14,2013-09-28 11:59:00,0.00426,0.00921,0.01054,0.00426,0.00921,0.01054
MUR100ITA,EURA14,2013-09-29 11:59:00,0.00507,0.01016,0.022,0.00507,0.01016,0.022
MUR100ITA,EURA14,2013-09-30 11:59:00,0.00478,0.00797,0.01608,0.00478,0.00797,0.01608
MUR100ITA,EURA14,2013-10-01 11:59:00,0.00388,0.00946,0.01555,0.00388,0.00946,0.01555
MUR100ITA,EURA14,2013-10-02 11:59:00,0.00412,0.01108,0.00985,0.00412,0.01108,0.00985
MUR100ITA,EURA14,2013-10-03 11:59:00,0.00408,0.00968,0.01032,0.00408,0.00968,0.01032
MUR100ITA,EURA14,2013-10-04 11:59:00,0.00495,0.00947,0.00426,0.00495,0.00947,0.00426
MUR100ITA,EURA14,2013-10-05 11:59:00,0.00418,0.00834,0.01133,0.00418,0.00834,0.01133
MUR100ITA,EURA14,2013-10-06 11:59:00,0.00433,0.00701,0.01179,0.00433,0.00701,0.01179
MUR100ITA,EURA14,2013-10-07 11:59:00,0.00524,0.00959,0.00878,0.00524,0.00959,0.00878
MUR100ITA,EURA14,2013-10-08 11:59:00,0.00465,0.00971,0.00756,0.00465,0.00971,0.00756
MUR100ITA,EURA14,2013-10-09 11:59:00,0.00287,0.00871,0.00971,0.00287,0.00871,0.00971
MUR100ITA,EURA14,2013-10-10 11:59:00,0.00262,0.00928,0.01873,0.00262,0.00928,0.01873
MUR100ITA,EURA14,2013-10-11 11:59:00,0.00499,0.01148,0.00981,0.00499,0.01148,0.00981
MUR100ITA,EURA14,2013-10-12 11:59:00,0.00506,0.01007,0.00932,0.00506,0.01007,0.00932
MUR100ITA,EURA14,2013-10-13 11:59:00,0.00495,0.00884,0.00933,0.00495,0.00884,0.00933
MUR100ITA,EURA14,2013-10-14 11:59:00,0.005,0.0094,0.01023,0.005,0.0094,0.01023
MUR100ITA,EURA14,2013-10-15 11:59:00,0.00372,0.00999,0.00456,0.00372,0.00999,0.00456
MUR100ITA,EURA14,2013-10-16 11:59:00,0.00247,0.00762,0.01697,0.00247,0.00762,0.01697
MUR100ITA,EURA14,2013-10-17 11:59:00,0.00341,0.00925,0.01109,0.00341,0.00925,0.01109
MUR100ITA,EURA14,2013-10-18 11:59:00,0.00362,0.00969,0.01152,0.00362,0.00969,0.01152
MUR100ITA,EURA14,2013-10-19 11:59:00,0.00439,0.00938,0.00162,0.00439,0.00938,0.00162
MUR100ITA,EURA14,2013-10-20 11:59:00,0.00357,0.01034,0.00418,0.00357,0.01034,0.00418
MUR100ITA,EURA14,2013-10-21 11:59:00,0.00332,0.00923,0.00477,0.00332,0.00923,0.00477
MUR100ITA,EURA14,2013-10-22 11:59:00,0.00477,0.00906,0.00528,0.00477,0.00906,0.00528
MUR100ITA,EURA14,2013-10-23 11:59:00,0.00429,0.01023,0.0066,0.00429,0.01023,0.0066
MUR100ITA,EURA14,2013-10-24 11:59:00,0.00321,0.0097,0.00986,0.00321,0.0097,0.00986
MUR100ITA,EURA14,2013-10-25 11:59:00,0.00364,0.00918,0.00761,0.00364,0.00918,0.00761
MUR100ITA,EURA14,2013-10-26 11:59:00,0.00341,0.00956,0.00745,0.00341,0.00956,0.00745
MUR100ITA,EURA14,2013-10-27 11:59:00,0.00452,0.00966,0.00341,0.00452,0.00966,0.00341
MUR100ITA,EURA14,2013-10-28 11:59:00,0.00367,0.00978,0.00665,0.00367,0.00978,0.00665
MUR100ITA,EURA14,2013-10-29 11:59:00,0.00445,0.00976,0.00647,0.00445,0.00976,0.00647
MUR100ITA,EURA14,2013-10-30 11:59:00,0.00292,0.0098,0.00791,0.00292,0.0098,0.00791
MUR100ITA,EURA14,2013-10-31 11:59:00,0.00405,0.0101,0.00438,0.00405,0.0101,0.00438
MUR100ITA,EURA14,2013-11-01 11:59:00,0.00355,0.00919,0.00819,0.00355,0.00919,0.00819
MUR100ITA,EURA14,2013-11-02 11:59:00,0.00426,0.00836,0.00871,0.00426,0.00836,0.00871
MUR100ITA,EURA14,2013-11-03 11:59:00,0.00962,0.00998,0.01389,0.00962,0.00998,0.01389
MUR100ITA,EURA14,2013-11-04 11:59:00,0.00317,0.00837,0.01387,0.00317,0.00837,0.01387
MUR100ITA,EURA14,2013-11-05 11:59:00,0.00412,0.00886,0.014,0.00412,0.00886,0.014
MUR100ITA,EURA14,2013-11-06 11:59:00,0.00388,0.00938,0.0083,0.00388,0.00938,0.0083
MUR100ITA,EURA14,2013-11-07 11:59:00,0.00438,0.01005,0.00882,0.00438,0.01005,0.00882
MUR100ITA,EURA14,2013-11-08 11:59:00,0.00344,0.00911,0.00613,0.00344,0.00911,0.00613
MUR100ITA,EURA14,2013-11-09 11:59:00,0.00829,0.01329,0.00417,0.00829,0.01329,0.00417
MUR100ITA,EURA14,2013-11-10 11:59:00,0.00373,0.0103,0.01484,0.00373,0.0103,0.01484
MUR100ITA,EURA14,2013-11-11 11:59:00,0.00456,0.00975,0.00924,0.00456,0.00975,0.00924
MUR100ITA,EURA14,2013-11-12 11:59:00,0.0039,0.01053,0.0054,0.0039,0.01053,0.0054
MUR100ITA,EURA14,2013-11-13 11:59:00,0.00231,0.00905,0.00109,0.00231,0.00905,0.00109
MUR100ITA,EURA14,2013-11-14 11:59:00,0.0033,0.01053,0.00705,0.0033,0.01053,0.00705
MUR100ITA,EURA14,2013-11-15 11:59:00,0.00535,0.01074,0.00908,0.00535,0.01074,0.00908
MUR100ITA,EURA14,2013-11-16 11:59:00,0.00159,0.00986,0.00516,0.00159,0.00986,0.00516
MUR100ITA,EURA14,2013-11-17 11:59:00,0.00314,0.00924,0.00609,0.00314,0.00924,0.00609
MUR100ITA,EURA14,2013-11-18 11:59:00,0.00208,0.00838,0.00861,0.00208,0.00838,0.00861
MUR100ITA,EURA14,2013-11-19 11:59:00,0.00431,0.01152,0.00966,0.00431,0.01152,0.00966
MUR100ITA,EURA14,2013-11-20 11:59:00,0.00169,0.00829,0.00825,0.00169,0.00829,0.00825
MUR100ITA,EURA14,2013-11-21 11:59:00,0.00477,0.00913,0.00684,0.00477,0.00913,0.00684
MUR100ITA,EURA14,2013-11-22 11:59:00,0.00236,0.00999,0.01026,0.00236,0.00999,0.01026
MUR100ITA,EURA14,2013-11-23 11:59:00,0.00369,0.01036,0.01333,0.00369,0.01036,0.01333
MUR100ITA,EURA14,2013-11-24 11:59:00,0.00264,0.0101,0.00595,0.00264,0.0101,0.00595
MUR100ITA,EURA14,2013-11-25 11:59:00,0.00228,0.00956,0.01,0.00228,0.00956,0.01
MUR100ITA,EURA14,2013-11-26 11:59:00,0.0018,0.01111,0.00487,0.0018,0.01111,0.00487
MUR100ITA,EURA14,2013-11-27 11:59:00,0.00282,0.00957,0.0022,0.00282,0.00957,0.0022
MUR100ITA,EURA14,2013-11-28 11:59:00,0.00193,0.01015,0.00099,0.00193,0.01015,0.00099
MUR100ITA,EURA14,2013-11-29 11:59:00,0.00332,0.01022,0.00302,0.00332,0.01022,0.00302
MUR100ITA,EURA14,2013-11-30 11:59:00,0.00305,0.0101,0.00423,0.00305,0.0101,0.00423
MUR100ITA,EURA14,2013-12-01 11:59:00,0.00441,0.01357,0.00098,0.00441,0.01357,0.00098
MUR100ITA,EURA14,2013-12-02 11:59:00,0.00501,0.01187,0.00293,0.00501,0.01187,0.00293
MUR100ITA,EURA14,2013-12-03 11:59:00,0.00296,0.01098,0.00637,0.00296,0.01098,0.00637
MUR100ITA,EURA14,2013-12-04 11:59:00,0.00227,0.01068,0.00595,0.00227,0.01068,0.00595
MUR100ITA,EURA14,2013-12-05 11:59:00,0.00303,0.011,0.00761,0.00303,0.011,0.00761
MUR100ITA,EURA14,2013-12-06 11:59:00,0.00191,0.01173,0.00707,0.00191,0.01173,0.00707
MUR100ITA,EURA14,2013-12-07 11:59:00,0.00169,0.01076,0.00905,0.00169,0.01076,0.00905
MUR100ITA,EURA14,2013-12-08 11:59:00,0.00242,0.0115,0.00333,0.00242,0.0115,0.00333
MUR100ITA,EURA14,2013-12-09 11:59:00,0.00228,0.01105,0.00515,0.00228,0.01105,0.00515
MUR100ITA,EURA14,2013-12-10 11:59:00,0.00253,0.01143,0.00623,0.00253,0.01143,0.00623
MUR100ITA,EURA14,2013-12-11 11:59:00,0.00307,0.01142,0.00528,0.00307,0.01142,0.00528
MUR100ITA,EURA14,2013-12-12 11:59:00,0.00209,0.0105,0.00122,0.00209,0.0105,0.00122
MUR100ITA,EURA14,2013-12-13 11:59:00,0.00233,0.01061,0.00409,0.00233,0.01061,0.00409
MUR100ITA,EURA14,2013-12-14 11:59:00,0.00301,0.01143,0.00633,0.00301,0.01143,0.00633
MUR100ITA,EURA14,2013-12-15 11:59:00,0.0035,0.01065,-0.00162,0.0035,0.01065,-0.00162
MUR100ITA,EURA14,2013-12-16 11:59:00,0.00244,0.0109,0.00022,0.00244,0.0109,0.00022
MUR100ITA,EURA14,2013-12-17 11:59:00,0.00153,0.0109,0.00592,0.00153,0.0109,0.00592
MUR100ITA,EURA14,2013-12-18 11:59:00,0.00243,0.01047,0.00659,0.00243,0.01047,0.00659
MUR100ITA,EURA14,2013-12-19 11:59:00,0.00238,0.00977,0.00893,0.00238,0.00977,0.00893
MUR100ITA,EURA14,2013-12-20 11:59:00,0.00286,0.01096,0.00841,0.00286,0.01096,0.00841
MUR100ITA,EURA14,2013-12-21 11:59:00,0.00293,0.01073,0.00261,0.00293,0.01073,0.00261
MUR100ITA,EURA14,2013-12-22 11:59:00,0.0033,0.01026,0.00485,0.0033,0.01026,0.00485
MUR100ITA,EURA14,2013-12-23 11:59:00,0.00215,0.01033,0.00638,0.00215,0.01033,0.00638
MUR100ITA,EURA14,2013-12-24 11:59:00,0.00331,0.01055,0.00848,0.00331,0.01055,0.00848
MUR100ITA,EURA14,2013-12-25 11:59:00,0.00398,0.00927,0.01493,0.00398,0.00927,0.01493
MUR100ITA,EURA14,2013-12-26 11:59:00,0.00318,0.01001,0.01505,0.00318,0.01001,0.01505
MUR100ITA,EURA14,2013-12-27 11:59:00,0.00358,0.01039,0.00676,0.00358,0.01039,0.00676
MUR100ITA,EURA14,2013-12-28 11:59:00,0.00417,0.01059,0.00801,0.00417,0.01059,0.00801
MUR100ITA,EURA14,2013-12-29 11:59:00,0.00308,0.01112,0.00784,0.00308,0.01112,0.00784
MUR100ITA,EURA14,2013-12-30 11:59:00,0.0027,0.01079,0.00185,0.0027,0.01079,0.00185
MUR100ITA,EURA14,2013-12-31 11:59:00,0.00315,0.01079,0.0048,0.00315,0.01079,0.0048
MUR100ITA,EURA14,2014-01-01 11:59:00,0.00323,0.01093,0.00568,0.00323,0.01093,0.00568
MUR100ITA,EURA14,2014-01-02 11:59:00,0.00325,0.01066,0.00591,0.00325,0.01066,0.00591
MUR100ITA,EURA14,2014-01-03 11:59:00,0.00313,0.01073,0.00419,0.00313,0.01073,0.00419
MUR100ITA,EURA14,2014-01-04 11:59:00,0.00503,0.01069,0.00748,0.00503,0.01069,0.00748
MUR100ITA,EURA14,2014-01-05 11:59:00,0.0017,0.01124,0.00863,0.0017,0.01124,0.00863
MUR100ITA,EURA14,2014-01-06 11:59:00,0.00329,0.01054,0.00219,0.00329,0.01054,0.00219
MUR100ITA,EURA14,2014-01-07 11:59:00,0.00368,0.00934,0.00311,0.00368,0.00934,0.00311
MUR100ITA,EURA14,2014-01-08 11:59:00,0.00254,0.011,-0.00031,0.00254,0.011,-0.00031
MUR100ITA,EURA14,2014-01-09 11:59:00,0.00287,0.0111,0.00155,0.00287,0.0111,0.00155
MUR100ITA,EURA14,2014-01-10 11:59:00,0.00123,0.01032,0.00592,0.00123,0.01032,0.00592
MUR100ITA,EURA14,2014-01-11 11:59:00,0.00151,0.0098,0.00606,0.00151,0.0098,0.00606
MUR100ITA,EURA14,2014-01-12 11:59:00,0.00198,0.00974,0.00564,0.00198,0.00974,0.00564
MUR100ITA,EURA14,2014-01-13 11:59:00,0.00189,0.00968,0.00715,0.00189,0.00968,0.00715
MUR100ITA,EURA14,2014-01-14 11:59:00,0.00177,0.0103,0.00937,0.00177,0.0103,0.00937
MUR100ITA,EURA14,2014-01-15 11:59:00,0.00259,0.01068,0.00769,0.00259,0.01068,0.00769
MUR100ITA,EURA14,2014-01-16 11:59:00,0.00092,0.01054,0.00828,0.00092,0.01054,0.00828
MUR100ITA,EURA14,2014-01-17 11:59:00,0.00549,0.00913,0.01578,0.00549,0.00913,0.01578
MUR100ITA,EURA14,2014-01-18 11:59:00,0.00067,0.00905,0.01343,0.00067,0.00905,0.01343
MUR100ITA,EURA14,2014-01-19 11:59:00,0.00152,0.00833,0.01097,0.00152,0.00833,0.01097
MUR100ITA,EURA14,2014-01-20 11:59:00,0.00201,0.00977,0.0116,0.00201,0.00977,0.0116
MUR100ITA,EURA14,2014-01-21 11:59:00,0.00215,0.01014,0.01001,0.00215,0.01014,0.01001
MUR100ITA,EURA14,2014-01-22 11:59:00,0.0015,0.01022,0.00849,0.0015,0.01022,0.00849
MUR100ITA,EURA14,2014-01-23 11:59:00,0.0013,0.01034,0.00544,0.0013,0.01034,0.00544
MUR100ITA,EURA14,2014-01-24 11:59:00,0.00092,0.00887,0.00876,0.00092,0.00887,0.00876
MUR100ITA,EURA14,2014-01-25 11:59:00,0.00074,0.00958,0.01165,0.00074,0.00958,0.01165
MUR100ITA,EURA14,2014-01-26 11:59:00,0.00091,0.00998,0.01156,0.00091,0.00998,0.01156
MUR100ITA,EURA14,2014-01-27 11:59:00,0.00116,0.01045,0.0131,0.00116,0.01045,0.0131
MUR100ITA,EURA14,2014-01-28 11:59:00,0.00198,0.009,0.01355,0.00198,0.009,0.01355
MUR100ITA,EURA14,2014-01-29 11:59:00,0.00132,0.00925,0.01306,0.00132,0.00925,0.01306
MUR100ITA,EURA14,2014-01-30 11:59:00,0.00175,0.01081,0.01059,0.00175,0.01081,0.01059
MUR100ITA,EURA14,2014-01-31 11:59:00,0.00097,0.0103,0.00922,0.00097,0.0103,0.00922
MUR100ITA,EURA14,2014-02-01 11:59:00,0.00073,0.00922,0.00999,0.00073,0.00922,0.00999
MUR100ITA,EURA14,2014-02-02 11:59:00,0.0013,0.01037,0.01076,0.0013,0.01037,0.01076
MUR100ITA,EURA14,2014-02-03 11:59:00,0.00076,0.00951,0.00905,0.00076,0.00951,0.00905
MUR100ITA,EURA14,2014-02-04 11:59:00,0.00312,0.01032,0.00648,0.00312,0.01032,0.00648
MUR100ITA,EURA14,2014-02-05 11:59:00,0.00084,0.00862,0.0086,0.00084,0.00862,0.0086
MUR100ITA,EURA14,2014-02-06 11:59:00,0.00192,0.00973,0.00799,0.00192,0.00973,0.00799
MUR100ITA,EURA14,2014-02-07 11:59:00,0.00221,0.0104,0.00493,0.00221,0.0104,0.00493
MUR100ITA,EURA14,2014-02-08 11:59:00,0.00245,0.00979,0.00959,0.00245,0.00979,0.00959
MUR100ITA,EURA14,2014-02-09 11:59:00,0.00188,0.00869,0.01229,0.00188,0.00869,0.01229
MUR100ITA,EURA14,2014-02-10 11:59:00,0.00287,0.01021,0.00542,0.00287,0.01021,0.00542
MUR100ITA,EURA14,2014-02-11 11:59:00,0.00118,0.0099,0.00855,0.00118,0.0099,0.00855
MUR100ITA,EURA14,2014-02-12 11:59:00,0.00084,0.00926,0.008,0.00084,0.00926,0.008
MUR100ITA,EURA14,2014-02-13 11:59:00,0.00095,0.00925,0.01164,0.00095,0.00925,0.01164
MUR100ITA,EURA14,2014-02-14 11:59:00,0.00089,0.009,0.00822,0.00089,0.009,0.00822
MUR100ITA,EURA14,2014-02-15 11:59:00,0.00204,0.0105,0.00726,0.00204,0.0105,0.00726
MUR100ITA,EURA14,2014-02-16 11:59:00,0.00502,0.0138,0.00671,0.00502,0.0138,0.00671
MUR100ITA,EURA14,2014-02-17 11:59:00,0.0047,0.01101,0.01289,0.0047,0.01101,0.01289
MUR100ITA,EURA14,2014-02-18 11:59:00,0.00203,0.00984,0.00845,0.00203,0.00984,0.00845
MUR100ITA,EURA14,2014-02-19 11:59:00,0.0032,0.01191,0.00766,0.0032,0.01191,0.00766
MUR100ITA,EURA14,2014-02-20 11:59:00,0.00208,0.00985,0.01187,0.00208,0.00985,0.01187
MUR100ITA,EURA14,2014-02-21 11:59:00,0.00156,0.01091,0.01151,0.00156,0.01091,0.01151
MUR100ITA,EURA14,2014-02-22 11:59:00,0.00356,0.01068,0.00861,0.00356,0.01068,0.00861
MUR100ITA,EURA14,2014-02-23 11:59:00,0.00104,0.01115,0.00073,0.00104,0.01115,0.00073
MUR100ITA,EURA14,2014-02-24 11:59:00,0.00204,0.00997,0.0042,0.00204,0.00997,0.0042
MUR100ITA,EURA14,2014-02-25 11:59:00,0.00248,0.01029,0.00798,0.00248,0.01029,0.00798
MUR100ITA,EURA14,2014-02-26 11:59:00,0.00297,0.01128,0.00496,0.00297,0.01128,0.00496
MUR100ITA,EURA14,2014-02-27 11:59:00,0.00269,0.00915,0.01069,0.00269,0.00915,0.01069
MUR100ITA,EURA14,2014-02-28 11:59:00,0.0029,0.01027,0.01057,0.0029,0.01027,0.01057
MUR100ITA,EURA14,2014-03-01 11:59:00,0.00227,0.01118,0.0161,0.00227,0.01118,0.0161
MUR100ITA,EURA14,2014-03-02 11:59:00,0.00247,0.01004,0.01115,0.00247,0.01004,0.01115
MUR100ITA,EURA14,2014-03-03 11:59:00,0.00338,0.00992,0.01279,0.00338,0.00992,0.01279
MUR100ITA,EURA14,2014-03-04 11:59:00,0.00483,0.00933,0.01159,0.00483,0.00933,0.01159
MUR100ITA,EURA14,2014-03-05 11:59:00,0.00091,0.00982,0.00863,0.00091,0.00982,0.00863
MUR100ITA,EURA14,2014-03-06 11:59:00,-0.00109,0.01027,0.01411,-0.00109,0.01027,0.01411
MUR100ITA,EURA14,2014-03-07 11:59:00,0.00144,0.01002,0.00212,0.00144,0.01002,0.00212
MUR100ITA,EURA14,2014-03-08 11:59:00,0.0013,0.00827,0.0052,0.0013,0.00827,0.0052
MUR100ITA,EURA14,2014-03-09 11:59:00,0.00327,0.01193,0.00946,0.00327,0.01193,0.00946
MUR100ITA,EURA14,2014-03-10 11:59:00,0.00034,0.01022,-0.00127,0.00034,0.01022,-0.00127
MUR100ITA,EURA14,2014-03-11 11:59:00,0.00356,0.0115,0.00649,0.00356,0.0115,0.00649
MUR100ITA,EURA14,2014-03-12 11:59:00,0.00136,0.01083,0.00136,0.00136,0.01083,0.00136
MUR100ITA,EURA14,2014-03-13 11:59:00,0.00304,0.01063,0.00522,0.00304,0.01063,0.00522
MUR100ITA,EURA14,2014-03-14 11:59:00,0.0023,0.01068,0.00781,0.0023,0.01068,0.00781
MUR100ITA,EURA14,2014-03-15 11:59:00,0.00316,0.01048,0.00556,0.00316,0.01048,0.00556
MUR100ITA,EURA14,2014-03-16 11:59:00,0.00217,0.01068,0.00851,0.00217,0.01068,0.00851
MUR100ITA,EURA14,2014-03-17 11:59:00,0.00285,0.01113,0.00223,0.00285,0.01113,0.00223
MUR100ITA,EURA14,2014-03-18 11:59:00,0.00525,0.01139,-0.00012,0.00525,0.01139,-0.00012
MUR100ITA,EURA14,2014-03-19 11:59:00,0.00212,0.01068,0.00691,0.00212,0.01068,0.00691
MUR100ITA,EURA14,2014-03-20 11:59:00,0.00162,0.01123,0.00253,0.00162,0.01123,0.00253
MUR100ITA,EURA14,2014-03-21 11:59:00,0.00235,0.01116,0.00207,0.00235,0.01116,0.00207
MUR100ITA,EURA14,2014-03-22 11:59:00,0.00268,0.0108,0.00933,0.00268,0.0108,0.00933
MUR100ITA,EURA14,2014-03-23 11:59:00,0.00422,0.00929,0.01141,0.00422,0.00929,0.01141
MUR100ITA,EURA14,2014-03-24 11:59:00,0.00199,0.01147,0.00745,0.00199,0.01147,0.00745
MUR100ITA,EURA14,2014-03-25 11:59:00,0.0027,0.01163,0.01159,0.0027,0.01163,0.01159
MUR100ITA,EURA14,2014-03-26 11:59:00,0.00283,0.01153,0.00828,0.00283,0.01153,0.00828
MUR100ITA,EURA14,2014-03-27 11:59:00,0.00264,0.01045,0.00889,0.00264,0.01045,0.00889
MUR100ITA,EURA14,2014-03-28 11:59:00,0.0034,0.00954,0.00841,0.0034,0.00954,0.00841
MUR100ITA,EURA14,2014-03-29 11:59:00,0.00296,0.01127,0.00479,0.00296,0.01127,0.00479
MUR100ITA,EURA14,2014-03-30 11:59:00,0.00457,0.01129,0.00685,0.00457,0.01129,0.00685
MUR100ITA,EURA14,2014-03-31 11:59:00,0.00388,0.01151,0.00544,0.00388,0.01151,0.00544
MUR100ITA,EURA14,2014-04-01 11:59:00,0.00421,0.01227,0.00356,0.00421,0.01227,0.00356
MUR100ITA,EURA14,2014-04-02 11:59:00,0.00406,0.0113,0.00402,0.00406,0.0113,0.00402
MUR100ITA,EURA14,2014-04-03 11:59:00,0.00262,0.01074,0.00856,0.00262,0.01074,0.00856
MUR100ITA,EURA14,2014-04-04 11:59:00,0.00227,0.01079,0.00845,0.00227,0.01079,0.00845
MUR100ITA,EURA14,2014-04-05 11:59:00,0.00247,0.011,0.00333,0.00247,0.011,0.00333
MUR100ITA,EURA14,2014-04-06 11:59:00,0.00254,0.01086,0.00313,0.00254,0.01086,0.00313
MUR100ITA,EURA14,2014-04-07 11:59:00,0.00374,0.01132,0.00514,0.00374,0.01132,0.00514
MUR100ITA,EURA14,2014-04-08 11:59:00,0.0037,0.01098,0.00338,0.0037,0.01098,0.00338
MUR100ITA,EURA14,2014-04-09 11:59:00,0.00253,0.01196,0.00838,0.00253,0.01196,0.00838
MUR100ITA,EURA14,2014-04-10 11:59:00,0.00333,0.01185,0.0039,0.00333,0.01185,0.0039
MUR100ITA,EURA14,2014-04-11 11:59:00,0.00308,0.01161,0.00634,0.00308,0.01161,0.00634
MUR100ITA,EURA14,2014-04-12 11:59:00,0.00534,0.01145,0.00772,0.00534,0.01145,0.00772
MUR100ITA,EURA14,2014-04-13 11:59:00,0.00234,0.01142,0.00792,0.00234,0.01142,0.00792
MUR100ITA,EURA14,2014-04-14 11:59:00,0.00437,0.01167,0.00419,0.00437,0.01167,0.00419
MUR100ITA,EURA14,2014-04-15 11:59:00,0.00183,0.01096,0.00506,0.00183,0.01096,0.00506
MUR100ITA,EURA14,2014-04-16 11:59:00,0.00035,0.00956,0.00824,0.00035,0.00956,0.00824
MUR100ITA,EURA14,2014-04-17 11:59:00,0.00097,0.00989,0.00678,0.00097,0.00989,0.00678
MUR100ITA,EURA14,2014-04-18 11:59:00,0.00222,0.01093,0.00977,0.00222,0.01093,0.00977
MUR100ITA,EURA14,2014-04-19 11:59:00,0.00252,0.01182,0.01241,0.00252,0.01182,0.01241
MUR100ITA,EURA14,2014-04-20 11:59:00,0.0029,0.01087,0.00968,0.0029,0.01087,0.00968
MUR100ITA,EURA14,2014-04-21 11:59:00,0.00396,0.01163,0.00727,0.00396,0.01163,0.00727
MUR100ITA,EURA14,2014-04-22 11:59:00,0.00359,0.01135,0.01293,0.00359,0.01135,0.01293
MUR100ITA,EURA14,2014-04-23 11:59:00,0.00339,0.01057,0.0083,0.00339,0.01057,0.0083
MUR100ITA,EURA14,2014-04-24 11:59:00,0.00281,0.01098,0.00644,0.00281,0.01098,0.00644
MUR100ITA,EURA14,2014-04-25 11:59:00,-0.00247,0.00751,0.01534,-0.00247,0.00751,0.01534
MUR100ITA,EURA14,2014-04-26 11:59:00,0.00127,0.01029,0.00495,0.00127,0.01029,0.00495
MUR100ITA,EURA14,2014-04-27 11:59:00,0.00421,0.01114,0.00884,0.00421,0.01114,0.00884
MUR100ITA,EURA14,2014-04-28 11:59:00,0.00362,0.01122,0.0072,0.00362,0.01122,0.0072
MUR100ITA,EURA14,2014-04-29 11:59:00,0.00395,0.01089,0.00574,0.00395,0.01089,0.00574
MUR100ITA,EURA14,2014-04-30 11:59:00,0.00296,0.01025,0.00865,0.00296,0.01025,0.00865
MUR100ITA,EURA14,2014-05-01 11:59:00,0.00376,0.01012,0.00882,0.00376,0.01012,0.00882
MUR100ITA,EURA14,2014-05-02 11:59:00,0.00273,0.01064,0.0071,0.00273,0.01064,0.0071
MUR100ITA,EURA14,2014-05-03 11:59:00,0.00194,0.01052,0.00744,0.00194,0.01052,0.00744
MUR100ITA,EURA14,2014-05-04 11:59:00,0.00239,0.01117,0.01306,0.00239,0.01117,0.01306
MUR100ITA,EURA14,2014-05-05 11:59:00,0.00235,0.0104,0.00617,0.00235,0.0104,0.00617
MUR100ITA,EURA14,2014-05-06 11:59:00,0.00325,0.01049,0.00501,0.00325,0.01049,0.00501
MUR100ITA,EURA14,2014-05-07 11:59:00,0.00056,0.01107,0.00701,0.00056,0.01107,0.00701
MUR100ITA,EURA14,2014-05-08 11:59:00,0.00212,0.0098,0.00883,0.00212,0.0098,0.00883
MUR100ITA,EURA14,2014-05-09 11:59:00,0.00231,0.01086,0.00798,0.00231,0.01086,0.00798
MUR100ITA,EURA14,2014-05-10 11:59:00,0.00301,0.01148,0.00587,0.00301,0.01148,0.00587
MUR100ITA,EURA14,2014-05-11 11:59:00,0.00779,0.01068,0.01242,0.00779,0.01068,0.01242
MUR100ITA,EURA14,2014-05-12 11:59:00,0.00196,0.01073,0.01168,0.00196,0.01073,0.01168
MUR100ITA,EURA14,2014-05-13 11:59:00,0.00255,0.0095,0.00624,0.00255,0.0095,0.00624
MUR100ITA,EURA14,2014-05-14 11:59:00,0.0026,0.01133,0.00467,0.0026,0.01133,0.00467
MUR100ITA,EURA14,2014-05-15 11:59:00,0.00202,0.01096,0.00838,0.00202,0.01096,0.00838
MUR100ITA,EURA14,2014-05-16 11:59:00,0.00138,0.0124,0.01078,0.00138,0.0124,0.01078
MUR100ITA,EURA14,2014-05-17 11:59:00,0.00221,0.01131,0.00625,0.00221,0.01131,0.00625
MUR100ITA,EURA14,2014-05-18 11:59:00,0.00312,0.01114,0.0041,0.00312,0.01114,0.0041
MUR100ITA,EURA14,2014-05-19 11:59:00,0.00269,0.0105,0.00941,0.00269,0.0105,0.00941
MUR100ITA,EURA14,2014-05-20 11:59:00,0.00283,0.01144,0.00674,0.00283,0.01144,0.00674
MUR100ITA,EURA14,2014-05-21 11:59:00,0.00297,0.01072,0.00776,0.00297,0.01072,0.00776
MUR100ITA,EURA14,2014-05-22 11:59:00,0.00289,0.01195,0.01022,0.00289,0.01195,0.01022
MUR100ITA,EURA14,2014-05-23 11:59:00,0.00223,0.01147,0.0071,0.00223,0.01147,0.0071
MUR100ITA,EURA14,2014-05-24 11:59:00,0.00377,0.01146,0.00592,0.00377,0.01146,0.00592
MUR100ITA,EURA14,2014-05-25 11:59:00,0.00199,0.00932,0.01458,0.00199,0.00932,0.01458
MUR100ITA,EURA14,2014-05-26 11:59:00,0.0024,0.01185,0.01146,0.0024,0.01185,0.01146
MUR100ITA,EURA14,2014-05-27 11:59:00,0.00349,0.01184,0.00758,0.00349,0.01184,0.00758
MUR100ITA,EURA14,2014-05-28 11:59:00,0.00254,0.01,0.00792,0.00254,0.01,0.00792
MUR100ITA,EURA14,2014-05-29 11:59:00,0.00891,0.00975,0.00911,0.00891,0.00975,0.00911
MUR100ITA,EURA14,2014-05-30 11:59:00,0.00312,0.01208,0.0045,0.00312,0.01208,0.0045
MUR100ITA,EURA14,2014-05-31 11:59:00,0.00249,0.01112,0.0074,0.00249,0.01112,0.0074
MUR100ITA,EURA14,2014-06-01 11:59:00,0.00211,0.01121,0.00612,0.00211,0.01121,0.00612
MUR100ITA,EURA14,2014-06-02 11:59:00,0.00249,0.01102,0.00809,0.00249,0.01102,0.00809
MUR100ITA,EURA14,2014-06-03 11:59:00,0.00332,0.01299,0.00752,0.00332,0.01299,0.00752
MUR100ITA,EURA14,2014-06-04 11:59:00,0.00371,0.0112,0.00673,0.00371,0.0112,0.00673
MUR100ITA,EURA14,2014-06-05 11:59:00,0.00292,0.01148,0.00367,0.00292,0.01148,0.00367
MUR100ITA,EURA14,2014-06-06 11:59:00,0.00268,0.01202,0.00399,0.00268,0.01202,0.00399
MUR100ITA,EURA14,2014-06-07 11:59:00,0.00243,0.01173,0.00575,0.00243,0.01173,0.00575
MUR100ITA,EURA14,2014-06-08 11:59:00,0.00216,0.01337,-0.00029,0.00216,0.01337,-0.00029
MUR100ITA,EURA14,2014-06-09 11:59:00,0.00183,0.01342,0.00345,0.00183,0.01342,0.00345
MUR100ITA,EURA14,2014-06-10 11:59:00,0.0033,0.01192,0.00407,0.0033,0.01192,0.00407
MUR100ITA,EURA14,2014-06-11 11:59:00,0.00373,0.01279,0.01329,0.00373,0.01279,0.01329
MUR100ITA,EURA14,2014-06-12 11:59:00,0.00409,0.01281,0.00451,0.00409,0.01281,0.00451
MUR100ITA,EURA14,2014-06-13 11:59:00,0.0036,0.01233,0.00479,0.0036,0.01233,0.00479
MUR100ITA,EURA14,2014-06-14 11:59:00,0.00278,0.01263,0.0085,0.00278,0.01263,0.0085
MUR100ITA,EURA14,2014-06-15 11:59:00,0.00121,0.01389,0.00402,0.00121,0.01389,0.00402
MUR100ITA,EURA14,2014-06-16 11:59:00,0.00186,0.01274,0.00927,0.00186,0.01274,0.00927
MUR100ITA,EURA14,2014-06-17 11:59:00,0.00226,0.01268,0.00955,0.00226,0.01268,0.00955
MUR100ITA,EURA14,2014-06-18 11:59:00,0.00301,0.01236,0.0012,0.00301,0.01236,0.0012
MUR100ITA,EURA14,2014-06-19 11:59:00,0.00272,0.01189,0.00483,0.00272,0.01189,0.00483
MUR100ITA,EURA14,2014-06-20 11:59:00,0.00373,0.01202,0.00611,0.00373,0.01202,0.00611
MUR100ITA,EURA14,2014-06-21 11:59:00,0.00185,0.01129,0.00433,0.00185,0.01129,0.00433
MUR100ITA,EURA14,2014-06-22 11:59:00,0.00282,0.01254,0.00488,0.00282,0.01254,0.00488
MUR100ITA,EURA14,2014-06-23 11:59:00,0.00234,0.01349,0.00093,0.00234,0.01349,0.00093
MUR100ITA,EURA14,2014-06-24 11:59:00,0.00311,0.01368,0.00899,0.00311,0.01368,0.00899
MUR100ITA,EURA14,2014-06-25 11:59:00,0.00477,0.01339,0.01148,0.00477,0.01339,0.01148
MUR100ITA,EURA14,2014-06-26 11:59:00,0.00171,0.0131,0.00778,0.00171,0.0131,0.00778
MUR100ITA,EURA14,2014-06-27 11:59:00,0.00266,0.01315,0.00575,0.00266,0.01315,0.00575
MUR100ITA,EURA14,2014-06-28 11:59:00,0.00307,0.01294,0.00198,0.00307,0.01294,0.00198
MUR100ITA,EURA14,2014-06-29 11:59:00,0.00252,0.01361,0.00254,0.00252,0.01361,0.00254
MUR100ITA,EURA14,2014-07-03 11:59:00,0.00203,0.01316,-0.00322,0.00203,0.01316,-0.00322
MUR100ITA,EURA14,2014-07-04 11:59:00,0.00354,0.01216,0.00187,0.00354,0.01216,0.00187
MUR100ITA,EURA14,2014-07-05 11:59:00,0.00252,0.01346,0.00111,0.00252,0.01346,0.00111
MUR100ITA,EURA14,2014-07-06 11:59:00,0.00252,0.01185,0.00102,0.00252,0.01185,0.00102
MUR100ITA,EURA14,2014-07-07 11:59:00,0.00035,0.01244,0.00529,0.00035,0.01244,0.00529
MUR100ITA,EURA14,2014-07-08 11:59:00,-0.00178,0.0122,0.0093,-0.00178,0.0122,0.0093
MUR100ITA,EURA14,2014-07-09 11:59:00,2e-05,0.01422,0.00471,2e-05,0.01422,0.00471
MUR100ITA,EURA14,2014-07-10 11:59:00,0.00159,0.01226,0.0038,0.00159,0.01226,0.0038
MUR100ITA,EURA14,2014-07-11 11:59:00,0.00131,0.01285,0.00462,0.00131,0.01285,0.00462
MUR100ITA,EURA14,2014-07-12 11:59:00,0.00111,0.01255,0.00906,0.00111,0.01255,0.00906
MUR100ITA,EURA14,2014-07-13 11:59:00,0.00228,0.01162,0.00252,0.00228,0.01162,0.00252
MUR100ITA,EURA14,2014-07-14 11:59:00,0.00198,0.01157,0.00093,0.00198,0.01157,0.00093
MUR100ITA,EURA14,2014-07-15 11:59:00,0.00094,0.01261,0.00435,0.00094,0.01261,0.00435
MUR100ITA,EURA14,2014-07-16 11:59:00,0.00171,0.01165,0.00161,0.00171,0.01165,0.00161
MUR100ITA,EURA14,2014-07-17 11:59:00,0.00017,0.0122,0.00141,0.00017,0.0122,0.00141
MUR100ITA,EURA14,2014-07-18 11:59:00,0.00157,0.01244,0.00325,0.00157,0.01244,0.00325
MUR100ITA,EURA14,2014-07-19 11:59:00,0.00115,0.01209,0.00968,0.00115,0.01209,0.00968
MUR100ITA,EURA14,2014-07-20 11:59:00,-0.0001,0.01183,0.0044,-0.0001,0.01183,0.0044
MUR100ITA,EURA14,2014-07-21 11:59:00,0.0026,0.01236,0.00826,0.0026,0.01236,0.00826
MUR100ITA,EURA14,2014-07-22 11:59:00,0.00132,0.01136,0.00776,0.00132,0.01136,0.00776
MUR100ITA,EURA14,2014-07-23 11:59:00,0.00287,0.01072,0.00705,0.00287,0.01072,0.00705
MUR100ITA,EURA14,2014-07-24 11:59:00,0.00167,0.01209,0.00787,0.00167,0.01209,0.00787
MUR100ITA,EURA14,2014-07-25 11:59:00,0.00293,0.01383,0.00957,0.00293,0.01383,0.00957
MUR100ITA,EURA14,2014-07-26 11:59:00,0.00216,0.00992,0.01171,0.00216,0.00992,0.01171
MUR100ITA,EURA14,2014-07-27 11:59:00,0.00121,0.01021,0.00744,0.00121,0.01021,0.00744
MUR100ITA,EURA14,2014-07-28 11:59:00,0.00077,0.01106,0.01182,0.00077,0.01106,0.01182
MUR100ITA,EURA14,2014-07-29 11:59:00,0.00217,0.0127,0.00859,0.00217,0.0127,0.00859
MUR100ITA,EURA14,2014-07-30 11:59:00,0.00138,0.0105,0.01788,0.00138,0.0105,0.01788
MUR100ITA,EURA14,2014-07-31 11:59:00,0.00188,0.01049,0.00884,0.00188,0.01049,0.00884
MUR100ITA,EURA14,2014-08-01 11:59:00,0.00275,0.01157,0.00388,0.00275,0.01157,0.00388
MUR100ITA,EURA14,2014-08-02 11:59:00,0.00163,0.01042,0.00434,0.00163,0.01042,0.00434
MUR100ITA,EURA14,2014-08-03 11:59:00,0.00175,0.00996,0.00594,0.00175,0.00996,0.00594
MUR100ITA,EURA14,2014-08-04 11:59:00,0.0013,0.0103,0.00683,0.0013,0.0103,0.00683
MUR100ITA,EURA14,2014-08-05 11:59:00,-0.00018,0.01168,0.01095,-0.00018,0.01168,0.01095
MUR100ITA,EURA14,2014-08-06 11:59:00,0.00076,0.0105,0.0102,0.00076,0.0105,0.0102
MUR100ITA,EURA14,2014-08-07 11:59:00,0.00219,0.01134,0.00962,0.00219,0.01134,0.00962
MUR100ITA,EURA14,2014-08-08 11:59:00,0.0018,0.01118,0.01057,0.0018,0.01118,0.01057
MUR100ITA,EURA14,2014-08-09 11:59:00,0.00211,0.00934,0.00763,0.00211,0.00934,0.00763
MUR100ITA,EURA14,2014-08-10 11:59:00,0.00267,0.01064,0.00711,0.00267,0.01064,0.00711
MUR100ITA,EURA14,2014-08-11 11:59:00,7e-05,0.00914,0.00443,7e-05,0.00914,0.00443
MUR100ITA,EURA14,2014-08-12 11:59:00,0.00289,0.01073,0.01386,0.00289,0.01073,0.01386
MUR100ITA,EURA14,2014-08-13 11:59:00,0.00072,0.0122,0.01391,0.00072,0.0122,0.01391
MUR100ITA,EURA14,2014-08-14 11:59:00,0.00174,0.01182,0.01128,0.00174,0.01182,0.01128
MUR100ITA,EURA14,2014-08-15 11:59:00,0.00105,0.01216,0.01275,0.00105,0.01216,0.01275
MUR100ITA,EURA14,2014-08-16 11:59:00,0.00123,0.01117,0.00984,0.00123,0.01117,0.00984
MUR100ITA,EURA14,2014-08-17 11:59:00,0.00198,0.0111,0.00628,0.00198,0.0111,0.00628
MUR100ITA,EURA14,2014-08-18 11:59:00,0.00262,0.01194,0.00282,0.00262,0.01194,0.00282
MUR100ITA,EURA14,2014-08-19 11:59:00,0.00322,0.01179,0.00404,0.00322,0.01179,0.00404
MUR100ITA,EURA14,2014-08-20 11:59:00,0.00056,0.01171,0.01008,0.00056,0.01171,0.01008
MUR100ITA,EURA14,2014-08-21 11:59:00,-0.00025,0.01078,0.01023,-0.00025,0.01078,0.01023
MUR100ITA,EURA14,2014-08-22 11:59:00,0.00487,0.01199,0.00909,0.00487,0.01199,0.00909
MUR100ITA,EURA14,2014-08-23 11:59:00,0.00019,0.012,0.01443,0.00019,0.012,0.01443
MUR100ITA,EURA14,2014-08-24 11:59:00,0.00292,0.01106,0.00851,0.00292,0.01106,0.00851
MUR100ITA,EURA14,2014-08-25 11:59:00,0.00146,0.01241,0.00514,0.00146,0.01241,0.00514
MUR100ITA,EURA14,2014-08-26 11:59:00,0.00071,0.00952,0.00537,0.00071,0.00952,0.00537
MUR100ITA,EURA14,2014-08-27 11:59:00,0.00267,0.01085,0.01172,0.00267,0.01085,0.01172
MUR100ITA,EURA14,2014-08-28 11:59:00,0.00054,0.01081,0.00426,0.00054,0.01081,0.00426
MUR100ITA,EURA14,2014-08-29 11:59:00,0.00297,0.01212,0.00735,0.00297,0.01212,0.00735
MUR100ITA,EURA14,2014-08-30 11:59:00,0.00232,0.01131,0.0107,0.00232,0.01131,0.0107
MUR100ITA,EURA14,2014-08-31 11:59:00,0.00407,0.01241,0.00698,0.00407,0.01241,0.00698
MUR100ITA,EURA14,2014-09-01 11:59:00,0.00112,0.0124,0.01252,0.00112,0.0124,0.01252
MUR100ITA,EURA14,2014-09-02 11:59:00,0.00142,0.01062,0.00586,0.00142,0.01062,0.00586
MUR100ITA,EURA14,2014-09-03 11:59:00,0.00206,0.01186,0.00658,0.00206,0.01186,0.00658
MUR100ITA,EURA14,2014-09-04 11:59:00,0.00194,0.01156,0.00539,0.00194,0.01156,0.00539
MUR100ITA,EURA14,2014-09-05 11:59:00,0.0025,0.01098,0.00578,0.0025,0.01098,0.00578
MUR100ITA,EURA14,2014-09-06 11:59:00,0.00302,0.01133,0.00439,0.00302,0.01133,0.00439
MUR100ITA,EURA14,2014-09-07 11:59:00,0.00327,0.01042,0.00891,0.00327,0.01042,0.00891
MUR100ITA,EURA14,2014-09-08 11:59:00,0.00202,0.01109,0.00797,0.00202,0.01109,0.00797
MUR100ITA,EURA14,2014-09-09 11:59:00,0.00365,0.01209,0.00769,0.00365,0.01209,0.00769
MUR100ITA,EURA14,2014-09-10 11:59:00,0.00121,0.01093,0.00773,0.00121,0.01093,0.00773
MUR100ITA,EURA14,2014-09-11 11:59:00,0.00268,0.01021,0.00579,0.00268,0.01021,0.00579
MUR100ITA,EURA14,2014-09-12 11:59:00,0.00275,0.01056,0.00668,0.00275,0.01056,0.00668
MUR100ITA,EURA14,2014-09-13 11:59:00,0.00254,0.01102,0.0043,0.00254,0.01102,0.0043
MUR100ITA,EURA14,2014-09-14 11:59:00,0.0018,0.01114,0.00679,0.0018,0.01114,0.00679
MUR100ITA,EURA14,2014-09-15 11:59:00,0.00259,0.01187,0.00472,0.00259,0.01187,0.00472
MUR100ITA,EURA14,2014-09-16 11:59:00,0.00294,0.01156,0.00662,0.00294,0.01156,0.00662
MUR100ITA,EURA14,2014-09-17 11:59:00,0.00162,0.01099,0.00628,0.00162,0.01099,0.00628
MUR100ITA,EURA14,2014-09-18 11:59:00,0.00253,0.01106,0.00272,0.00253,0.01106,0.00272
MUR100ITA,EURA14,2014-09-19 11:59:00,0.003,0.00957,0.00666,0.003,0.00957,0.00666
MUR100ITA,EURA14,2014-09-20 11:59:00,0.00246,0.01012,0.00706,0.00246,0.01012,0.00706
MUR100ITA,EURA14,2014-09-21 11:59:00,0.00326,0.01015,0.00782,0.00326,0.01015,0.00782
MUR100ITA,EURA14,2014-09-22 11:59:00,0.00253,0.0126,0.00808,0.00253,0.0126,0.00808
MUR100ITA,EURA14,2014-09-23 11:59:00,0.00246,0.01033,0.00689,0.00246,0.01033,0.00689
MUR100ITA,EURA14,2014-09-24 11:59:00,0.00412,0.01069,0.00452,0.00412,0.01069,0.00452
MUR100ITA,EURA14,2014-09-25 11:59:00,0.0032,0.0104,0.00185,0.0032,0.0104,0.00185
MUR100ITA,EURA14,2014-09-26 11:59:00,0.00259,0.01168,0.00341,0.00259,0.01168,0.00341
MUR100ITA,EURA14,2014-09-27 11:59:00,0.00299,0.0114,0.00279,0.00299,0.0114,0.00279
MUR100ITA,EURA14,2014-09-28 11:59:00,0.00225,0.01156,0.00222,0.00225,0.01156,0.00222
MUR100ITA,EURA14,2014-09-29 11:59:00,0.00288,0.01084,0.00028,0.00288,0.01084,0.00028
MUR100ITA,EURA14,2014-09-30 11:59:00,0.00434,0.01141,0.00194,0.00434,0.01141,0.00194
MUR100ITA,EURA14,2014-10-01 11:59:00,0.00297,0.01194,0.00546,0.00297,0.01194,0.00546
MUR100ITA,EURA14,2014-10-02 11:59:00,0.00221,0.01016,0.00836,0.00221,0.01016,0.00836
MUR100ITA,EURA14,2014-10-03 11:59:00,0.00319,0.01102,0.00557,0.00319,0.01102,0.00557
MUR100ITA,EURA14,2014-10-04 11:59:00,0.00216,0.01039,0.00656,0.00216,0.01039,0.00656
MUR100ITA,EURA14,2014-10-05 11:59:00,0.003,0.01144,0.006,0.003,0.01144,0.006
MUR100ITA,EURA14,2014-10-06 11:59:00,0.00232,0.00968,0.00523,0.00232,0.00968,0.00523
MUR100ITA,EURA14,2014-10-07 11:59:00,0.00417,0.01176,0.00534,0.00417,0.01176,0.00534
MUR100ITA,EURA14,2014-10-08 11:59:00,0.00467,0.01145,-0.00019,0.00467,0.01145,-0.00019
MUR100ITA,EURA14,2014-10-09 11:59:00,0.00432,0.01055,0.00832,0.00432,0.01055,0.00832
MUR100ITA,EURA14,2014-10-10 11:59:00,0.0042,0.01084,0.00597,0.0042,0.01084,0.00597
MUR100ITA,EURA14,2014-10-11 11:59:00,0.0062,0.01031,0.00634,0.0062,0.01031,0.00634
MUR100ITA,EURA14,2014-10-12 11:59:00,0.00413,0.0103,0.00832,0.00413,0.0103,0.00832
MUR100ITA,EURA14,2014-10-13 11:59:00,0.00725,0.01038,0.01805,0.00725,0.01038,0.01805
MUR100ITA,EURA14,2014-10-14 11:59:00,0.00293,0.0106,0.01572,0.00293,0.0106,0.01572
MUR100ITA,EURA14,2014-10-15 11:59:00,0.00398,0.01028,0.01449,0.00398,0.01028,0.01449
MUR100ITA,EURA14,2014-10-16 11:59:00,0.00431,0.01043,0.00229,0.00431,0.01043,0.00229
MUR100ITA,EURA14,2014-10-17 11:59:00,0.00441,0.0104,0.00588,0.00441,0.0104,0.00588
MUR100ITA,EURA14,2014-10-18 11:59:00,0.00453,0.01075,0.00218,0.00453,0.01075,0.00218
MUR100ITA,EURA14,2014-10-19 11:59:00,0.00436,0.01117,0.0026,0.00436,0.01117,0.0026
MUR100ITA,EURA14,2014-10-20 11:59:00,0.00451,0.01041,0.00276,0.00451,0.01041,0.00276
MUR100ITA,EURA14,2014-10-21 11:59:00,0.00451,0.01027,0.00698,0.00451,0.01027,0.00698
MUR100ITA,EURA14,2014-10-22 11:59:00,0.00274,0.01177,0.00805,0.00274,0.01177,0.00805
MUR100ITA,EURA14,2014-10-23 11:59:00,0.00223,0.01011,0.00413,0.00223,0.01011,0.00413
MUR100ITA,EURA14,2014-10-24 11:59:00,0.00048,0.00975,0.00924,0.00048,0.00975,0.00924
MUR100ITA,EURA14,2014-10-25 11:59:00,0.00465,0.01221,0.00278,0.00465,0.01221,0.00278
MUR100ITA,EURA14,2014-10-26 11:59:00,0.00347,0.0113,-0.00299,0.00347,0.0113,-0.00299
MUR100ITA,EURA14,2014-10-27 11:59:00,0.00431,0.01116,0.00229,0.00431,0.01116,0.00229
MUR100ITA,EURA14,2014-10-28 11:59:00,0.00417,0.01004,0.00583,0.00417,0.01004,0.00583
MUR100ITA,EURA14,2014-10-29 11:59:00,0.00395,0.0114,0.00294,0.00395,0.0114,0.00294
MUR100ITA,EURA14,2014-10-30 11:59:00,0.00355,0.01126,0.00294,0.00355,0.01126,0.00294
MUR100ITA,EURA14,2014-10-31 11:59:00,0.00415,0.0102,0.00405,0.00415,0.0102,0.00405
MUR100ITA,EURA14,2014-11-01 11:59:00,0.00321,0.01152,0.00384,0.00321,0.01152,0.00384
MUR100ITA,EURA14,2014-11-02 11:59:00,0.00427,0.011,0.00218,0.00427,0.011,0.00218
MUR100ITA,EURA14,2014-11-03 11:59:00,0.00538,0.01067,0.00347,0.00538,0.01067,0.00347
MUR100ITA,EURA14,2014-11-04 11:59:00,0.00382,0.01156,0.00146,0.00382,0.01156,0.00146
MUR100ITA,EURA14,2014-11-05 11:59:00,0.00395,0.01237,0.01004,0.00395,0.01237,0.01004
MUR100ITA,EURA14,2014-11-06 11:59:00,0.00423,0.01003,0.00876,0.00423,0.01003,0.00876
MUR100ITA,EURA14,2014-11-07 11:59:00,0.0041,0.01088,0.00192,0.0041,0.01088,0.00192
MUR100ITA,EURA14,2014-11-08 11:59:00,0.00447,0.01069,0.00493,0.00447,0.01069,0.00493
MUR100ITA,EURA14,2014-11-09 11:59:00,0.00488,0.01145,0.00671,0.00488,0.01145,0.00671
MUR100ITA,EURA14,2014-11-10 11:59:00,0.00467,0.01111,0.00287,0.00467,0.01111,0.00287
MUR100ITA,EURA14,2014-11-11 11:59:00,0.00507,0.011,0.01059,0.00507,0.011,0.01059
MUR100ITA,EURA14,2014-11-12 11:59:00,0.00638,0.01156,0.00776,0.00638,0.01156,0.00776
MUR100ITA,EURA14,2014-11-13 11:59:00,0.00328,0.01086,0.00641,0.00328,0.01086,0.00641
MUR100ITA,EURA14,2014-11-14 11:59:00,0.00388,0.01094,0.00332,0.00388,0.01094,0.00332
MUR100ITA,EURA14,2014-11-15 11:59:00,0.00347,0.01185,0.00605,0.00347,0.01185,0.00605
MUR100ITA,EURA14,2014-11-16 11:59:00,0.00301,0.01145,0.00855,0.00301,0.01145,0.00855
MUR100ITA,EURA14,2014-11-17 11:59:00,0.00503,0.0117,0.00189,0.00503,0.0117,0.00189
MUR100ITA,EURA14,2014-11-18 11:59:00,0.0059,0.01108,0.00594,0.0059,0.01108,0.00594
MUR100ITA,EURA14,2014-11-19 11:59:00,0.004,0.01122,0.00243,0.004,0.01122,0.00243
MUR100ITA,EURA14,2014-11-20 11:59:00,0.00393,0.01106,0.00364,0.00393,0.01106,0.00364
MUR100ITA,EURA14,2014-11-21 11:59:00,0.00289,0.01196,0.0042,0.00289,0.01196,0.0042
MUR100ITA,EURA14,2014-11-22 11:59:00,0.00307,0.01167,0.0001,0.00307,0.01167,0.0001
MUR100ITA,EURA14,2014-11-23 11:59:00,0.00351,0.0112,-0.00382,0.00351,0.0112,-0.00382
MUR100ITA,EURA14,2014-11-24 11:59:00,0.00391,0.01134,0.00017,0.00391,0.01134,0.00017
MUR100ITA,EURA14,2014-11-25 11:59:00,0.00354,0.01078,0.00295,0.00354,0.01078,0.00295
MUR100ITA,EURA14,2014-11-26 11:59:00,0.00431,0.01128,0.002,0.00431,0.01128,0.002
MUR100ITA,EURA14,2014-11-27 11:59:00,0.00365,0.00917,0.00729,0.00365,0.00917,0.00729
MUR100ITA,EURA14,2014-11-28 11:59:00,0.0035,0.01122,0.00446,0.0035,0.01122,0.00446
MUR100ITA,EURA14,2014-11-29 11:59:00,0.00455,0.0115,0.00222,0.00455,0.0115,0.00222
MUR100ITA,EURA14,2014-11-30 11:59:00,0.00361,0.01029,0.01004,0.00361,0.01029,0.01004
MUR100ITA,EURA14,2014-12-01 11:59:00,0.00404,0.01161,0.00564,0.00404,0.01161,0.00564
MUR100ITA,EURA14,2014-12-02 11:59:00,0.00304,0.01112,0.00675,0.00304,0.01112,0.00675
MUR100ITA,EURA14,2014-12-03 11:59:00,0.00363,0.01178,0.00302,0.00363,0.01178,0.00302
MUR100ITA,EURA14,2014-12-04 11:59:00,0.00399,0.01156,0.0038,0.00399,0.01156,0.0038
MUR100ITA,EURA14,2014-12-05 11:59:00,0.00339,0.01022,0.00237,0.00339,0.01022,0.00237
MUR100ITA,EURA14,2014-12-06 11:59:00,0.00362,0.01136,-0.00028,0.00362,0.01136,-0.00028
MUR100ITA,EURA14,2014-12-07 11:59:00,0.00356,0.01136,0.00036,0.00356,0.01136,0.00036
MUR100ITA,EURA14,2014-12-08 11:59:00,0.00457,0.01099,-0.00108,0.00457,0.01099,-0.00108
MUR100ITA,EURA14,2014-12-09 11:59:00,0.00288,0.01162,-0.00082,0.00288,0.01162,-0.00082
MUR100ITA,EURA14,2014-12-10 11:59:00,0.00279,0.01077,-0.00028,0.00279,0.01077,-0.00028
MUR100ITA,EURA14,2014-12-11 11:59:00,0.00296,0.01094,0.0044,0.00296,0.01094,0.0044
MUR100ITA,EURA14,2014-12-12 11:59:00,0.00367,0.01117,-0.00126,0.00367,0.01117,-0.00126
MUR100ITA,EURA14,2014-12-13 11:59:00,0.0053,0.0111,0.00325,0.0053,0.0111,0.00325
MUR100ITA,EURA14,2014-12-14 11:59:00,0.00283,0.01122,0.00353,0.00283,0.01122,0.00353
MUR100ITA,EURA14,2014-12-15 11:59:00,0.00324,0.01169,0.0045,0.00324,0.01169,0.0045
MUR100ITA,EURA14,2014-12-16 11:59:00,0.00314,0.0108,0.00761,0.00314,0.0108,0.00761
MUR100ITA,EURA14,2014-12-17 11:59:00,0.00324,0.01132,0.00288,0.00324,0.01132,0.00288
MUR100ITA,EURA14,2014-12-18 11:59:00,0.00293,0.011,-0.00072,0.00293,0.011,-0.00072
MUR100ITA,EURA14,2014-12-19 11:59:00,0.00341,0.01079,-8e-05,0.00341,0.01079,-8e-05
MUR100ITA,EURA14,2014-12-20 11:59:00,0.00385,0.01079,0.00217,0.00385,0.01079,0.00217
MUR100ITA,EURA14,2014-12-21 11:59:00,0.00282,0.01079,0.00328,0.00282,0.01079,0.00328
MUR100ITA,EURA14,2014-12-22 11:59:00,0.00254,0.01153,-0.0001,0.00254,0.01153,-0.0001
MUR100ITA,EURA14,2014-12-23 11:59:00,0.00193,0.01088,0.00321,0.00193,0.01088,0.00321
MUR100ITA,EURA14,2014-12-24 11:59:00,0.00224,0.01101,0.00223,0.00224,0.01101,0.00223
MUR100ITA,EURA14,2014-12-25 11:59:00,0.00181,0.01141,0.00567,0.00181,0.01141,0.00567
MUR100ITA,EURA14,2014-12-26 11:59:00,0.00143,0.01088,0.00337,0.00143,0.01088,0.00337
MUR100ITA,EURA14,2014-12-27 11:59:00,0.00516,0.01193,0.00902,0.00516,0.01193,0.00902
MUR100ITA,EURA14,2014-12-28 11:59:00,0.00146,0.01086,0.0121,0.00146,0.01086,0.0121
MUR100ITA,EURA14,2014-12-29 11:59:00,0.0006,0.01118,0.0091,0.0006,0.01118,0.0091
MUR100ITA,EURA14,2014-12-30 11:59:00,0.0016,0.01059,0.00631,0.0016,0.01059,0.00631
MUR100ITA,EURA14,2014-12-31 11:59:00,0.00183,0.00982,0.00423,0.00183,0.00982,0.00423
MUR100ITA,EURA14,2015-01-01 11:59:00,-0.00125,0.01005,0.00433,-0.00125,0.01005,0.00433
MUR100ITA,EURA14,2015-01-02 11:59:00,0.00172,0.01087,0.00467,0.00172,0.01087,0.00467
MUR100ITA,EURA14,2015-01-03 11:59:00,0.00274,0.01,0.00194,0.00274,0.01,0.00194
MUR100ITA,EURA14,2015-01-04 11:59:00,0.00088,0.00962,0.00761,0.00088,0.00962,0.00761
MUR100ITA,EURA14,2015-01-05 11:59:00,0.00074,0.00981,0.00664,0.00074,0.00981,0.00664
MUR100ITA,EURA14,2015-01-06 11:59:00,0.00131,0.01076,0.00421,0.00131,0.01076,0.00421
MUR100ITA,EURA14,2015-01-07 11:59:00,0.00191,0.01095,-5e-05,0.00191,0.01095,-5e-05
MUR100ITA,EURA14,2015-01-08 11:59:00,0.00169,0.01093,0.00015,0.00169,0.01093,0.00015
MUR100ITA,EURA14,2015-01-09 11:59:00,0.00164,0.01071,-0.0013,0.00164,0.01071,-0.0013
MUR100ITA,EURA14,2015-01-10 11:59:00,0.00061,0.0106,0.00289,0.00061,0.0106,0.00289
MUR100ITA,EURA14,2015-01-11 11:59:00,0.00332,0.01054,-0.00093,0.00332,0.01054,-0.00093
MUR100ITA,EURA14,2015-01-12 11:59:00,0.0021,0.00986,0.00423,0.0021,0.00986,0.00423
MUR100ITA,EURA14,2015-01-13 11:59:00,0.00188,0.01005,0.00198,0.00188,0.01005,0.00198
MUR100ITA,EURA14,2015-01-14 11:59:00,0.00233,0.00996,0.00485,0.00233,0.00996,0.00485
MUR100ITA,EURA14,2015-01-15 11:59:00,0.00298,0.00998,0.00332,0.00298,0.00998,0.00332
MUR100ITA,EURA14,2015-01-16 11:59:00,0.00073,0.00988,0.00768,0.00073,0.00988,0.00768
MUR100ITA,EURA14,2015-01-17 11:59:00,0.003,0.01165,0.01615,0.003,0.01165,0.01615
MUR100ITA,EURA14,2015-01-18 11:59:00,0.00337,0.00973,0.00561,0.00337,0.00973,0.00561
MUR100ITA,EURA14,2015-01-19 11:59:00,0.00227,0.00973,0.00901,0.00227,0.00973,0.00901
MUR100ITA,EURA14,2015-01-20 11:59:00,0.00165,0.01059,0.01161,0.00165,0.01059,0.01161
MUR100ITA,EURA14,2015-01-21 11:59:00,0.00207,0.01047,0.0092,0.00207,0.01047,0.0092
MUR100ITA,EURA14,2015-01-22 11:59:00,0.00133,0.00952,0.01059,0.00133,0.00952,0.01059
MUR100ITA,EURA14,2015-01-23 11:59:00,-0.00209,0.00828,0.01087,-0.00209,0.00828,0.01087
MUR100ITA,EURA14,2015-01-24 11:59:00,0.00167,0.00972,0.01041,0.00167,0.00972,0.01041
MUR100ITA,EURA14,2015-01-25 11:59:00,0.0025,0.01035,0.01081,0.0025,0.01035,0.01081
MUR100ITA,EURA14,2015-01-26 11:59:00,0.00244,0.01035,0.00615,0.00244,0.01035,0.00615
MUR100ITA,EURA14,2015-01-27 11:59:00,0.00128,0.00973,0.01008,0.00128,0.00973,0.01008
MUR100ITA,EURA14,2015-01-28 11:59:00,0.00127,0.00886,0.0105,0.00127,0.00886,0.0105
MUR100ITA,EURA14,2015-01-29 11:59:00,0.00331,0.00964,0.01267,0.00331,0.00964,0.01267
MUR100ITA,EURA14,2015-01-30 11:59:00,0.00444,0.00881,0.02105,0.00444,0.00881,0.02105
MUR100ITA,EURA14,2015-01-31 11:59:00,0.00352,0.00868,0.01222,0.00352,0.00868,0.01222
MUR100ITA,EURA14,2015-02-01 11:59:00,0.00314,0.00922,0.01384,0.00314,0.00922,0.01384
MUR100ITA,EURA14,2015-02-02 11:59:00,0.00341,0.00973,0.01089,0.00341,0.00973,0.01089
MUR100ITA,EURA14,2015-02-03 11:59:00,0.00354,0.01009,0.00746,0.00354,0.01009,0.00746
MUR100ITA,EURA14,2015-02-04 11:59:00,0.0036,0.00946,0.00722,0.0036,0.00946,0.00722
MUR100ITA,EURA14,2015-02-05 11:59:00,0.00256,0.011,0.00832,0.00256,0.011,0.00832
MUR100ITA,EURA14,2015-02-06 11:59:00,0.00478,0.00964,0.0082,0.00478,0.00964,0.0082
MUR100ITA,EURA14,2015-02-07 11:59:00,0.00279,0.01022,-0.00342,0.00279,0.01022,-0.00342
MUR100ITA,EURA14,2015-02-08 11:59:00,0.00171,0.01033,0.00666,0.00171,0.01033,0.00666
MUR100ITA,EURA14,2015-02-09 11:59:00,0.00193,0.00946,0.00594,0.00193,0.00946,0.00594
MUR100ITA,EURA14,2015-02-10 11:59:00,0.0029,0.01072,0.00589,0.0029,0.01072,0.00589
MUR100ITA,EURA14,2015-02-11 11:59:00,0.0019,0.01132,-0.00485,0.0019,0.01132,-0.00485
MUR100ITA,EURA14,2015-02-12 11:59:00,0.004,0.01103,0.00183,0.004,0.01103,0.00183
MUR100ITA,EURA14,2015-02-13 11:59:00,0.0025,0.01087,0.00358,0.0025,0.01087,0.00358
MUR100ITA,EURA14,2015-02-14 11:59:00,0.00275,0.01107,0.00567,0.00275,0.01107,0.00567
MUR100ITA,EURA14,2015-02-15 11:59:00,0.00265,0.01114,0.00911,0.00265,0.01114,0.00911
MUR100ITA,EURA14,2015-02-16 11:59:00,0.00338,0.01147,0.00642,0.00338,0.01147,0.00642
MUR100ITA,EURA14,2015-02-17 11:59:00,0.00402,0.01131,-0.0025,0.00402,0.01131,-0.0025
MUR100ITA,EURA14,2015-02-18 11:59:00,0.00314,0.01311,-0.00216,0.00314,0.01311,-0.00216
MUR100ITA,EURA14,2015-02-19 11:59:00,0.00101,0.01097,0.00433,0.00101,0.01097,0.00433
MUR100ITA,EURA14,2015-02-20 11:59:00,0.00238,0.01083,0.007,0.00238,0.01083,0.007
MUR100ITA,EURA14,2015-02-21 11:59:00,0.00266,0.01101,0.01008,0.00266,0.01101,0.01008
MUR100ITA,EURA14,2015-02-22 11:59:00,0.00222,0.01124,0.00849,0.00222,0.01124,0.00849
MUR100ITA,EURA14,2015-02-23 11:59:00,0.00295,0.01077,0.00933,0.00295,0.01077,0.00933
MUR100ITA,EURA14,2015-02-24 11:59:00,0.00246,0.01232,0.01146,0.00246,0.01232,0.01146
MUR100ITA,EURA14,2015-02-25 11:59:00,0.00078,0.01123,0.00695,0.00078,0.01123,0.00695
MUR100ITA,EURA14,2015-02-26 11:59:00,0.00135,0.0113,0.00396,0.00135,0.0113,0.00396
MUR100ITA,EURA14,2015-02-27 11:59:00,0.0026,0.01209,0.00404,0.0026,0.01209,0.00404
MUR100ITA,EURA14,2015-02-28 11:59:00,0.00252,0.01153,0.00463,0.00252,0.01153,0.00463
MUR100ITA,EURA14,2015-03-01 11:59:00,0.00307,0.01104,0.00293,0.00307,0.01104,0.00293
MUR100ITA,EURA14,2015-03-02 11:59:00,0.0041,0.0109,0.00748,0.0041,0.0109,0.00748
MUR100ITA,EURA14,2015-03-03 11:59:00,0.00207,0.01057,0.00631,0.00207,0.01057,0.00631
MUR100ITA,EURA14,2015-03-04 11:59:00,0.00277,0.01146,0.00308,0.00277,0.01146,0.00308
MUR100ITA,EURA14,2015-03-05 11:59:00,-0.0012,0.01097,0.00426,-0.0012,0.01097,0.00426
MUR100ITA,EURA14,2015-03-06 11:59:00,-0.00716,0.0092,-2e-05,-0.00716,0.0092,-2e-05
MUR100ITA,EURA14,2015-03-07 11:59:00,0.00437,0.01186,-0.00659,0.00437,0.01186,-0.00659
MUR100ITA,EURA14,2015-03-08 11:59:00,0.00105,0.01108,0.00297,0.00105,0.01108,0.00297
MUR100ITA,EURA14,2015-03-09 11:59:00,0.00187,0.01206,0.00079,0.00187,0.01206,0.00079
MUR100ITA,EURA14,2015-03-10 11:59:00,0.0027,0.01268,-0.00117,0.0027,0.01268,-0.00117
MUR100ITA,EURA14,2015-03-11 11:59:00,0.00221,0.01171,0.00323,0.00221,0.01171,0.00323
MUR100ITA,EURA14,2015-03-12 11:59:00,0.0004,0.01262,0.00682,0.0004,0.01262,0.00682
MUR100ITA,EURA14,2015-03-13 11:59:00,0.00175,0.01283,0.00628,0.00175,0.01283,0.00628
MUR100ITA,EURA14,2015-03-14 11:59:00,0.00224,0.01218,0.00459,0.00224,0.01218,0.00459
MUR100ITA,EURA14,2015-03-15 11:59:00,0.00146,0.01262,0.00464,0.00146,0.01262,0.00464
MUR100ITA,EURA14,2015-03-16 11:59:00,0.00162,0.01199,0.00289,0.00162,0.01199,0.00289
MUR100ITA,EURA14,2015-03-17 11:59:00,0.00323,0.01158,0.00672,0.00323,0.01158,0.00672
MUR100ITA,EURA14,2015-03-18 11:59:00,0.00304,0.01268,0.00387,0.00304,0.01268,0.00387
MUR100ITA,EURA14,2015-03-19 11:59:00,0.0022,0.01202,0.00698,0.0022,0.01202,0.00698
MUR100ITA,EURA14,2015-03-20 11:59:00,0.00247,0.01207,0.00603,0.00247,0.01207,0.00603
MUR100ITA,EURA14,2015-03-21 11:59:00,0.00087,0.01172,0.00791,0.00087,0.01172,0.00791
MUR100ITA,EURA14,2015-03-22 11:59:00,0.00194,0.0122,0.01031,0.00194,0.0122,0.01031
MUR100ITA,EURA14,2015-03-23 11:59:00,0.00273,0.01273,0.00546,0.00273,0.01273,0.00546
MUR100ITA,EURA14,2015-03-24 11:59:00,0.00234,0.01167,0.00806,0.00234,0.01167,0.00806
MUR100ITA,EURA14,2015-03-25 11:59:00,0.00192,0.01086,0.01161,0.00192,0.01086,0.01161
MUR100ITA,EURA14,2015-03-26 11:59:00,0.00146,0.01308,0.00722,0.00146,0.01308,0.00722
MUR100ITA,EURA14,2015-03-27 11:59:00,0.00259,0.01199,0.00699,0.00259,0.01199,0.00699
MUR100ITA,EURA14,2015-03-28 11:59:00,0.00165,0.01172,0.00675,0.00165,0.01172,0.00675
MUR100ITA,EURA14,2015-03-29 11:59:00,0.0021,0.01156,0.00657,0.0021,0.01156,0.00657
MUR100ITA,EURA14,2015-03-30 11:59:00,0.00231,0.0123,0.00451,0.00231,0.0123,0.00451
MUR100ITA,EURA14,2015-03-31 11:59:00,0.00271,0.01187,-0.00238,0.00271,0.01187,-0.00238
MUR100ITA,EURA14,2015-04-01 11:59:00,0.00241,0.012805,-0.0003250000000000002,0.00241,0.012805,-0.0003250000000000002
MUR100ITA,EURA14,2015-04-02 11:59:00,0.00211,0.01374,0.00173,0.00211,0.01374,0.00173
MUR100ITA,EURA14,2015-04-03 11:59:00,0.00155,0.0123,0.00703,0.00155,0.0123,0.00703
MUR100ITA,EURA14,2015-04-04 11:59:00,0.00265,0.01157,0.00631,0.00265,0.01157,0.00631
MUR100ITA,EURA14,2015-04-05 11:59:00,0.00174,0.01203,0.01021,0.00174,0.01203,0.01021
MUR100ITA,EURA14,2015-04-06 11:59:00,0.00162,0.012,0.00715,0.00162,0.012,0.00715
MUR100ITA,EURA14,2015-04-07 11:59:00,7e-05,0.01131,0.006,7e-05,0.01131,0.006
MUR100ITA,EURA14,2015-04-08 11:59:00,0.00154,0.01367,0.00079,0.00154,0.01367,0.00079
MUR100ITA,EURA14,2015-04-09 11:59:00,0.00123,0.01277,0.00624,0.00123,0.01277,0.00624
MUR100ITA,EURA14,2015-04-10 11:59:00,0.00198,0.01232,0.00155,0.00198,0.01232,0.00155
MUR100ITA,EURA14,2015-04-11 11:59:00,0.00229,0.01259,-0.00103,0.00229,0.01259,-0.00103
MUR100ITA,EURA14,2015-04-12 11:59:00,0.00114,0.01325,0.00452,0.00114,0.01325,0.00452
MUR100ITA,EURA14,2015-04-13 11:59:00,0.00183,0.01164,0.00557,0.00183,0.01164,0.00557
MUR100ITA,EURA14,2015-04-14 11:59:00,0.00174,0.01215,0.00725,0.00174,0.01215,0.00725
MUR100ITA,EURA14,2015-04-15 11:59:00,0.00268,0.01275,0.00601,0.00268,0.01275,0.00601
MUR100ITA,EURA14,2015-04-16 11:59:00,0.00287,0.01213,0.00457,0.00287,0.01213,0.00457
MUR100ITA,EURA14,2015-04-17 11:59:00,0.00274,0.0106,0.00986,0.00274,0.0106,0.00986
MUR100ITA,EURA14,2015-04-18 11:59:00,0.00139,0.0122,0.00569,0.00139,0.0122,0.00569
MUR100ITA,EURA14,2015-04-19 11:59:00,0.00066,0.01243,0.00696,0.00066,0.01243,0.00696
MUR100ITA,EURA14,2015-04-20 11:59:00,0.00151,0.01228,0.00891,0.00151,0.01228,0.00891
MUR100ITA,EURA14,2015-04-21 11:59:00,0.0013,0.01235,0.00668,0.0013,0.01235,0.00668
MUR100ITA,EURA14,2015-04-22 11:59:00,0.00214,0.01218,0.00512,0.00214,0.01218,0.00512
MUR100ITA,EURA14,2015-04-23 11:59:00,0.0023,0.01093,0.00746,0.0023,0.01093,0.00746
MUR100ITA,EURA14,2015-04-24 11:59:00,0.00281,0.01197,0.00992,0.00281,0.01197,0.00992
MUR100ITA,EURA14,2015-04-25 11:59:00,0.00264,0.0127,0.00702,0.00264,0.0127,0.00702
MUR100ITA,EURA14,2015-04-26 11:59:00,0.00275,0.01155,0.01216,0.00275,0.01155,0.01216
MUR100ITA,EURA14,2015-04-27 11:59:00,0.00167,0.01213,0.00777,0.00167,0.01213,0.00777
MUR100ITA,EURA14,2015-04-28 11:59:00,0.00233,0.01192,0.00678,0.00233,0.01192,0.00678
MUR100ITA,EURA14,2015-04-29 11:59:00,0.00258,0.01169,0.00748,0.00258,0.01169,0.00748
MUR100ITA,EURA14,2015-04-30 11:59:00,0.00296,0.01159,0.00152,0.00296,0.01159,0.00152
MUR100ITA,EURA14,2015-05-01 11:59:00,-0.00012,0.01037,0.00609,-0.00012,0.01037,0.00609
MUR100ITA,EURA14,2015-05-02 11:59:00,0.00391,0.01108,0.00481,0.00391,0.01108,0.00481
MUR100ITA,EURA14,2015-05-03 11:59:00,0.00277,0.0114,0.0042,0.00277,0.0114,0.0042
MUR100ITA,EURA14,2015-05-04 11:59:00,0.00318,0.01218,0.00493,0.00318,0.01218,0.00493
MUR100ITA,EURA14,2015-05-05 11:59:00,0.00243,0.01219,0.00511,0.00243,0.01219,0.00511
MUR100ITA,EURA14,2015-05-06 11:59:00,0.00391,0.01322,0.00724,0.00391,0.01322,0.00724
MUR100ITA,EURA14,2015-05-07 11:59:00,0.00188,0.01305,0.01806,0.00188,0.01305,0.01806
MUR100ITA,EURA14,2015-05-08 11:59:00,0.00361,0.01262,0.00755,0.00361,0.01262,0.00755
MUR100ITA,EURA14,2015-05-09 11:59:00,0.00222,0.01276,0.00839,0.00222,0.01276,0.00839
MUR100ITA,EURA14,2015-05-10 11:59:00,0.00328,0.01211,0.00636,0.00328,0.01211,0.00636
MUR100ITA,EURA14,2015-05-11 11:59:00,0.00323,0.01312,0.00245,0.00323,0.01312,0.00245
MUR100ITA,EURA14,2015-05-12 11:59:00,0.00275,0.01375,0.00374,0.00275,0.01375,0.00374
MUR100ITA,EURA14,2015-05-13 11:59:00,0.00379,0.01215,0.00048,0.00379,0.01215,0.00048
MUR100ITA,EURA14,2015-05-14 11:59:00,0.00453,0.01229,0.00638,0.00453,0.01229,0.00638
MUR100ITA,EURA14,2015-05-15 11:59:00,0.00339,0.01218,0.00955,0.00339,0.01218,0.00955
MUR100ITA,EURA14,2015-05-16 11:59:00,0.00415,0.01358,0.00325,0.00415,0.01358,0.00325
MUR100ITA,EURA14,2015-05-17 11:59:00,0.00254,0.01271,0.00848,0.00254,0.01271,0.00848
MUR100ITA,EURA14,2015-05-18 11:59:00,0.00372,0.01234,0.01222,0.00372,0.01234,0.01222
MUR100ITA,EURA14,2015-05-19 11:59:00,0.00397,0.01317,0.01316,0.00397,0.01317,0.01316
MUR100ITA,EURA14,2015-05-20 11:59:00,0.00477,0.01391,0.00384,0.00477,0.01391,0.00384
MUR100ITA,EURA14,2015-05-21 11:59:00,0.00331,0.01257,0.00841,0.00331,0.01257,0.00841
MUR100ITA,EURA14,2015-05-22 11:59:00,0.00325,0.01336,0.00524,0.00325,0.01336,0.00524
MUR100ITA,EURA14,2015-05-23 11:59:00,0.004,0.01283,0.00711,0.004,0.01283,0.00711
MUR100ITA,EURA14,2015-05-24 11:59:00,0.00351,0.01327,0.00469,0.00351,0.01327,0.00469
MUR100ITA,EURA14,2015-05-25 11:59:00,0.00424,0.01342,0.00425,0.00424,0.01342,0.00425
MUR100ITA,EURA14,2015-05-26 11:59:00,0.00399,0.01469,0.00738,0.00399,0.01469,0.00738
MUR100ITA,EURA14,2015-05-27 11:59:00,0.00292,0.01282,0.0069,0.00292,0.01282,0.0069
MUR100ITA,EURA14,2015-05-28 11:59:00,0.00359,0.01247,0.00687,0.00359,0.01247,0.00687
MUR100ITA,EURA14,2015-05-29 11:59:00,0.00418,0.01332,0.00866,0.00418,0.01332,0.00866
MUR100ITA,EURA14,2015-05-30 11:59:00,0.0031,0.01338,0.00398,0.0031,0.01338,0.00398
MUR100ITA,EURA14,2015-05-31 11:59:00,0.00216,0.01288,0.00744,0.00216,0.01288,0.00744
MUR100ITA,EURA14,2015-06-01 11:59:00,0.00247,0.01209,0.00885,0.00247,0.01209,0.00885
MUR100ITA,EURA14,2015-06-02 11:59:00,0.0014,0.0128,0.00498,0.0014,0.0128,0.00498
MUR100ITA,EURA14,2015-06-03 11:59:00,0.00262,0.01519,0.00458,0.00262,0.01519,0.00458
MUR100ITA,EURA14,2015-06-04 11:59:00,0.00298,0.01364,0.00799,0.00298,0.01364,0.00799
MUR100ITA,EURA14,2015-06-05 11:59:00,0.00295,0.01467,0.0042,0.00295,0.01467,0.0042
MUR100ITA,EURA14,2015-06-06 11:59:00,0.00403,0.01431,-1e-05,0.00403,0.01431,-1e-05
MUR100ITA,EURA14,2015-06-07 11:59:00,0.00336,0.01594,-0.00155,0.00336,0.01594,-0.00155
MUR100ITA,EURA14,2015-06-08 11:59:00,0.00595,0.01538,0.00749,0.00595,0.01538,0.00749
MUR100ITA,EURA14,2015-06-09 11:59:00,0.0022,0.01417,0.00686,0.0022,0.01417,0.00686
MUR100ITA,EURA14,2015-06-10 11:59:00,0.00131,0.01382,0.00592,0.00131,0.01382,0.00592
MUR100ITA,EURA14,2015-06-11 11:59:00,0.00417,0.01349,0.00993,0.00417,0.01349,0.00993
MUR100ITA,EURA14,2015-06-12 11:59:00,0.00381,0.01355,0.00773,0.00381,0.01355,0.00773
MUR100ITA,EURA14,2015-06-13 11:59:00,0.00363,0.01352,0.00822,0.00363,0.01352,0.00822
MUR100ITA,EURA14,2015-06-14 11:59:00,0.0041,0.01285,0.0113,0.0041,0.01285,0.0113
MUR100ITA,EURA14,2015-06-15 11:59:00,0.00316,0.01455,0.00177,0.00316,0.01455,0.00177
MUR100ITA,EURA14,2015-06-16 11:59:00,0.0056,0.01272,0.00988,0.0056,0.01272,0.00988
MUR100ITA,EURA14,2015-06-17 11:59:00,0.00245,0.01279,0.0082,0.00245,0.01279,0.0082
MUR100ITA,EURA14,2015-06-18 11:59:00,0.00185,0.01273,0.00784,0.00185,0.01273,0.00784
MUR100ITA,EURA14,2015-06-19 11:59:00,0.00368,0.01331,0.00541,0.00368,0.01331,0.00541
MUR100ITA,EURA14,2015-06-20 11:59:00,0.00338,0.014,0.00999,0.00338,0.014,0.00999
MUR100ITA,EURA14,2015-06-21 11:59:00,0.00239,0.01351,0.00431,0.00239,0.01351,0.00431
MUR100ITA,EURA14,2015-06-22 11:59:00,0.0051,0.01321,0.00556,0.0051,0.01321,0.00556
MUR100ITA,EURA14,2015-06-23 11:59:00,0.00198,0.01436,0.00654,0.00198,0.01436,0.00654
MUR100ITA,EURA14,2015-06-24 11:59:00,0.00357,0.01418,0.00755,0.00357,0.01418,0.00755
MUR100ITA,EURA14,2015-06-25 11:59:00,0.00222,0.01462,0.0075,0.00222,0.01462,0.0075
MUR100ITA,EURA14,2015-06-26 11:59:00,0.0029,0.01234,0.00617,0.0029,0.01234,0.00617
MUR100ITA,EURA14,2015-06-27 11:59:00,0.00315,0.01266,0.00502,0.00315,0.01266,0.00502
MUR100ITA,EURA14,2015-06-28 11:59:00,0.00306,0.01508,0.00466,0.00306,0.01508,0.00466
MUR100ITA,EURA14,2015-06-29 11:59:00,0.00419,0.01465,0.00636,0.00419,0.01465,0.00636
MUR100ITA,EURA14,2015-06-30 11:59:00,0.00376,0.0135,0.00829,0.00376,0.0135,0.00829
MUR100ITA,EURA14,2015-07-01 11:59:00,0.00304,0.01366,0.00449,0.00304,0.01366,0.00449
MUR100ITA,EURA14,2015-07-02 11:59:00,0.00386,0.01383,0.00834,0.00386,0.01383,0.00834
MUR100ITA,EURA14,2015-07-03 11:59:00,0.00488,0.01292,0.0023,0.00488,0.01292,0.0023
MUR100ITA,EURA14,2015-07-04 11:59:00,0.00458,0.01555,-0.00205,0.00458,0.01555,-0.00205
MUR100ITA,EURA14,2015-07-05 11:59:00,0.00297,0.01279,0.00936,0.00297,0.01279,0.00936
MUR100ITA,EURA14,2015-07-06 11:59:00,0.00306,0.01353,0.00888,0.00306,0.01353,0.00888
MUR100ITA,EURA14,2015-07-07 11:59:00,0.00333,0.01373,0.00599,0.00333,0.01373,0.00599
MUR100ITA,EURA14,2015-07-08 11:59:00,0.00366,0.01311,0.01125,0.00366,0.01311,0.01125
MUR100ITA,EURA14,2015-07-09 11:59:00,0.00173,0.01497,0.0098,0.00173,0.01497,0.0098
MUR100ITA,EURA14,2015-07-10 11:59:00,0.00153,0.01408,0.00696,0.00153,0.01408,0.00696
MUR100ITA,EURA14,2015-07-11 11:59:00,0.00312,0.01271,0.00858,0.00312,0.01271,0.00858
MUR100ITA,EURA14,2015-07-12 11:59:00,0.00329,0.0133,0.00819,0.00329,0.0133,0.00819
MUR100ITA,EURA14,2015-07-13 11:59:00,0.00412,0.01455,0.00718,0.00412,0.01455,0.00718
MUR100ITA,EURA14,2015-07-14 11:59:00,0.00364,0.01401,0.01378,0.00364,0.01401,0.01378
MUR100ITA,EURA14,2015-07-15 11:59:00,0.00241,0.01283,0.0156,0.00241,0.01283,0.0156
MUR100ITA,EURA14,2015-07-16 11:59:00,0.00354,0.01422,0.00312,0.00354,0.01422,0.00312
MUR100ITA,EURA14,2015-07-17 11:59:00,0.00564,0.0143,0.01291,0.00564,0.0143,0.01291
MUR100ITA,EURA14,2015-07-18 11:59:00,0.00521,0.01285,0.00674,0.00521,0.01285,0.00674
MUR100ITA,EURA14,2015-07-19 11:59:00,0.00332,0.01423,0.01255,0.00332,0.01423,0.01255
MUR100ITA,EURA14,2015-07-20 11:59:00,0.00385,0.01244,0.01433,0.00385,0.01244,0.01433
MUR100ITA,EURA14,2015-07-21 11:59:00,0.00246,0.0127,0.01169,0.00246,0.0127,0.01169
MUR100ITA,EURA14,2015-07-22 11:59:00,0.00114,0.01311,0.02126,0.00114,0.01311,0.02126
MUR100ITA,EURA14,2015-07-23 11:59:00,0.00453,0.00971,0.01908,0.00453,0.00971,0.01908
MUR100ITA,EURA14,2015-07-24 11:59:00,0.00517,0.01511,0.0118,0.00517,0.01511,0.0118
MUR100ITA,EURA14,2015-07-25 11:59:00,0.00394,0.01449,0.00927,0.00394,0.01449,0.00927
MUR100ITA,EURA14,2015-07-26 11:59:00,0.00308,0.01205,0.00372,0.00308,0.01205,0.00372
MUR100ITA,EURA14,2015-07-27 11:59:00,0.00891,0.01497,0.01196,0.00891,0.01497,0.01196
MUR100ITA,EURA14,2015-07-28 11:59:00,0.00431,0.01215,0.01146,0.00431,0.01215,0.01146
MUR100ITA,EURA14,2015-07-29 11:59:00,0.00413,0.01441,0.00779,0.00413,0.01441,0.00779
MUR100ITA,EURA14,2015-07-30 11:59:00,0.00401,0.01225,0.0112,0.00401,0.01225,0.0112
MUR100ITA,EURA14,2015-07-31 11:59:00,0.00301,0.01381,0.0119,0.00301,0.01381,0.0119
MUR100ITA,EURA14,2015-08-01 11:59:00,0.00523,0.01253,0.01378,0.00523,0.01253,0.01378
MUR100ITA,EURA14,2015-08-02 11:59:00,0.00305,0.01155,0.00425,0.00305,0.01155,0.00425
MUR100ITA,EURA14,2015-08-03 11:59:00,0.00368,0.01275,0.01053,0.00368,0.01275,0.01053
MUR100ITA,EURA14,2015-08-04 11:59:00,0.00419,0.01365,0.01276,0.00419,0.01365,0.01276
MUR100ITA,EURA14,2015-08-05 11:59:00,0.00421,0.01426,0.00842,0.00421,0.01426,0.00842
MUR100ITA,EURA14,2015-08-06 11:59:00,0.00024,0.01247,0.00548,0.00024,0.01247,0.00548
MUR100ITA,EURA14,2015-08-07 11:59:00,0.00348,0.01353,0.01536,0.00348,0.01353,0.01536
MUR100ITA,EURA14,2015-08-08 11:59:00,0.00557,0.01292,0.007,0.00557,0.01292,0.007
MUR100ITA,EURA14,2015-08-09 11:59:00,0.00394,0.01402,0.00549,0.00394,0.01402,0.00549
MUR100ITA,EURA14,2015-08-10 11:59:00,0.00259,0.01517,0.01162,0.00259,0.01517,0.01162
MUR100ITA,EURA14,2015-08-11 11:59:00,0.00408,0.01212,0.01234,0.00408,0.01212,0.01234
MUR100ITA,EURA14,2015-08-12 11:59:00,0.00139,0.0132,0.0096,0.00139,0.0132,0.0096
MUR100ITA,EURA14,2015-08-13 11:59:00,0.00323,0.01289,0.01257,0.00323,0.01289,0.01257
MUR100ITA,EURA14,2015-08-14 11:59:00,0.00321,0.01348,0.00656,0.00321,0.01348,0.00656
MUR100ITA,EURA14,2015-08-15 11:59:00,0.00253,0.01297,0.01363,0.00253,0.01297,0.01363
MUR100ITA,EURA14,2015-08-16 11:59:00,0.00488,0.01163,0.01257,0.00488,0.01163,0.01257
MUR100ITA,EURA14,2015-08-17 11:59:00,0.00384,0.01566,0.00811,0.00384,0.01566,0.00811
MUR100ITA,EURA14,2015-08-18 11:59:00,0.00193,0.01262,0.01469,0.00193,0.01262,0.01469
MUR100ITA,EURA14,2015-08-19 11:59:00,0.00278,0.01231,0.0121,0.00278,0.01231,0.0121
MUR100ITA,EURA14,2015-08-20 11:59:00,0.00352,0.01247,0.00768,0.00352,0.01247,0.00768
MUR100ITA,EURA14,2015-08-21 11:59:00,0.00252,0.01162,0.00895,0.00252,0.01162,0.00895
MUR100ITA,EURA14,2015-08-22 11:59:00,0.00238,0.01195,0.00843,0.00238,0.01195,0.00843
MUR100ITA,EURA14,2015-08-23 11:59:00,0.00198,0.01229,0.0152,0.00198,0.01229,0.0152
MUR100ITA,EURA14,2015-08-24 11:59:00,0.00241,0.01445,0.00406,0.00241,0.01445,0.00406
MUR100ITA,EURA14,2015-08-25 11:59:00,0.00442,0.01235,0.00801,0.00442,0.01235,0.00801
MUR100ITA,EURA14,2015-08-26 11:59:00,0.00197,0.01317,0.00574,0.00197,0.01317,0.00574
MUR100ITA,EURA14,2015-08-27 11:59:00,0.00446,0.01265,0.00505,0.00446,0.01265,0.00505
MUR100ITA,EURA14,2015-08-28 11:59:00,0.00467,0.0124,0.00143,0.00467,0.0124,0.00143
MUR100ITA,EURA14,2015-08-29 11:59:00,0.00465,0.01028,0.02139,0.00465,0.01028,0.02139
MUR100ITA,EURA14,2015-08-30 11:59:00,0.00192,0.01035,0.01798,0.00192,0.01035,0.01798
MUR100ITA,EURA14,2015-08-31 11:59:00,0.00271,0.01326,0.01228,0.00271,0.01326,0.01228
MUR100ITA,EURA14,2015-09-01 11:59:00,0.00588,0.0123,0.01687,0.00588,0.0123,0.01687
MUR100ITA,EURA14,2015-09-02 11:59:00,0.00119,0.0134,0.01376,0.00119,0.0134,0.01376
MUR100ITA,EURA14,2015-09-03 11:59:00,0.00286,0.01242,0.0108,0.00286,0.01242,0.0108
MUR100ITA,EURA14,2015-09-04 11:59:00,0.00191,0.0092,0.0201,0.00191,0.0092,0.0201
MUR100ITA,EURA14,2015-09-05 11:59:00,0.00781,0.01201,0.01043,0.00781,0.01201,0.01043
MUR100ITA,EURA14,2015-09-06 11:59:00,0.00278,0.01002,0.01321,0.00278,0.01002,0.01321
MUR100ITA,EURA14,2015-09-07 11:59:00,0.00472,0.01269,0.00989,0.00472,0.01269,0.00989
MUR100ITA,EURA14,2015-09-08 11:59:00,0.00245,0.01312,0.0099,0.00245,0.01312,0.0099
MUR100ITA,EURA14,2015-09-09 11:59:00,0.00258,0.01253,0.01291,0.00258,0.01253,0.01291
MUR100ITA,EURA14,2015-09-10 11:59:00,0.00338,0.01251,0.01045,0.00338,0.01251,0.01045
MUR100ITA,EURA14,2015-09-11 11:59:00,0.00407,0.01278,0.00778,0.00407,0.01278,0.00778
MUR100ITA,EURA14,2015-09-12 11:59:00,0.00363,0.01337,0.00788,0.00363,0.01337,0.00788
MUR100ITA,EURA14,2015-09-13 11:59:00,0.0036,0.01279,0.00876,0.0036,0.01279,0.00876
MUR100ITA,EURA14,2015-09-14 11:59:00,0.00645,0.01397,0.01775,0.00645,0.01397,0.01775
MUR100ITA,EURA14,2015-09-15 11:59:00,0.00317,0.01158,0.0118,0.00317,0.01158,0.0118
MUR100ITA,EURA14,2015-09-16 11:59:00,0.00535,0.01309,0.00662,0.00535,0.01309,0.00662
MUR100ITA,EURA14,2015-09-17 11:59:00,0.00345,0.0136,0.01381,0.00345,0.0136,0.01381
MUR100ITA,EURA14,2015-09-18 11:59:00,0.00418,0.01295,0.01567,0.00418,0.01295,0.01567
MUR100ITA,EURA14,2015-09-19 11:59:00,0.00288,0.01081,0.01223,0.00288,0.01081,0.01223
MUR100ITA,EURA14,2015-09-20 11:59:00,0.00172,0.01089,0.00643,0.00172,0.01089,0.00643
MUR100ITA,EURA14,2015-09-21 11:59:00,0.00252,0.01236,0.01156,0.00252,0.01236,0.01156
MUR100ITA,EURA14,2015-09-22 11:59:00,0.00311,0.01174,0.01217,0.00311,0.01174,0.01217
MUR100ITA,EURA14,2015-09-23 11:59:00,0.00347,0.01326,0.00768,0.00347,0.01326,0.00768
MUR100ITA,EURA14,2015-09-24 11:59:00,0.00411,0.01171,0.01463,0.00411,0.01171,0.01463
MUR100ITA,EURA14,2015-09-25 11:59:00,0.00316,0.01219,0.00526,0.00316,0.01219,0.00526
MUR100ITA,EURA14,2015-09-26 11:59:00,0.00353,0.01258,0.00573,0.00353,0.01258,0.00573
MUR100ITA,EURA14,2015-09-27 11:59:00,0.00263,0.01263,0.00568,0.00263,0.01263,0.00568
MUR100ITA,EURA14,2015-09-28 11:59:00,0.00338,0.01364,0.00689,0.00338,0.01364,0.00689
MUR100ITA,EURA14,2015-09-29 11:59:00,0.00209,0.01343,0.00478,0.00209,0.01343,0.00478
MUR100ITA,EURA14,2015-09-30 11:59:00,0.00217,0.01316,0.0075,0.00217,0.01316,0.0075
MUR100ITA,EURA14,2015-10-01 11:59:00,0.00174,0.01219,0.00872,0.00174,0.01219,0.00872
MUR100ITA,EURA14,2015-10-02 11:59:00,0.00396,0.01257,0.00272,0.00396,0.01257,0.00272
MUR100ITA,EURA14,2015-10-03 11:59:00,0.00387,0.0127,0.00977,0.00387,0.0127,0.00977
MUR100ITA,EURA14,2015-10-04 11:59:00,0.00184,0.0121,0.00982,0.00184,0.0121,0.00982
MUR100ITA,EURA14,2015-10-05 11:59:00,0.00293,0.01193,0.01258,0.00293,0.01193,0.01258
MUR100ITA,EURA14,2015-10-06 11:59:00,0.00309,0.01015,0.0124,0.00309,0.01015,0.0124
MUR100ITA,EURA14,2015-10-07 11:59:00,0.00279,0.01063,0.01858,0.00279,0.01063,0.01858
MUR100ITA,EURA14,2015-10-08 11:59:00,0.00279,0.0122,0.00682,0.00279,0.0122,0.00682
MUR100ITA,EURA14,2015-10-09 11:59:00,0.00226,0.01212,0.01236,0.00226,0.01212,0.01236
MUR100ITA,EURA14,2015-10-10 11:59:00,0.0025,0.01093,0.01271,0.0025,0.01093,0.01271
MUR100ITA,EURA14,2015-10-11 11:59:00,0.00306,0.01027,0.007,0.00306,0.01027,0.007
MUR100ITA,EURA14,2015-10-12 11:59:00,0.0039,0.01187,0.00194,0.0039,0.01187,0.00194
MUR100ITA,EURA14,2015-10-13 11:59:00,0.00671,0.01469,0.00485,0.00671,0.01469,0.00485
MUR100ITA,EURA14,2015-10-14 11:59:00,0.0056,0.01067,0.01367,0.0056,0.01067,0.01367
MUR100ITA,EURA14,2015-10-15 11:59:00,0.00474,0.01059,0.00937,0.00474,0.01059,0.00937
MUR100ITA,EURA14,2015-10-16 11:59:00,0.00395,0.01242,0.00484,0.00395,0.01242,0.00484
MUR100ITA,EURA14,2015-10-17 11:59:00,0.0028,0.01214,0.00375,0.0028,0.01214,0.00375
MUR100ITA,EURA14,2015-10-18 11:59:00,0.00363,0.01112,0.00879,0.00363,0.01112,0.00879
MUR100ITA,EURA14,2015-10-19 11:59:00,0.00456,0.011,0.01051,0.00456,0.011,0.01051
MUR100ITA,EURA14,2015-10-20 11:59:00,0.00173,0.0113,0.01167,0.00173,0.0113,0.01167
MUR100ITA,EURA14,2015-10-21 11:59:00,0.00199,0.01066,0.00701,0.00199,0.01066,0.00701
MUR100ITA,EURA14,2015-10-22 11:59:00,0.00348,0.0111,0.00693,0.00348,0.0111,0.00693
MUR100ITA,EURA14,2015-10-23 11:59:00,-0.00244,0.00589,0.00939,-0.00244,0.00589,0.00939
MUR100ITA,EURA14,2015-10-24 11:59:00,0.00313,0.01157,0.00437,0.00313,0.01157,0.00437
MUR100ITA,EURA14,2015-10-25 11:59:00,0.00284,0.01082,0.00478,0.00284,0.01082,0.00478
MUR100ITA,EURA14,2015-10-26 11:59:00,0.00335,0.01076,0.00445,0.00335,0.01076,0.00445
MUR100ITA,EURA14,2015-10-27 11:59:00,0.00313,0.01231,0.0051,0.00313,0.01231,0.0051
MUR100ITA,EURA14,2015-10-28 11:59:00,0.00256,0.01133,0.00695,0.00256,0.01133,0.00695
MUR100ITA,EURA14,2015-10-29 11:59:00,0.00276,0.01086,0.00219,0.00276,0.01086,0.00219
MUR100ITA,EURA14,2015-10-30 11:59:00,-0.00059,0.00878,0.00364,-0.00059,0.00878,0.00364
MUR100ITA,EURA14,2015-10-31 11:59:00,0.00571,0.01119,-1e-05,0.00571,0.01119,-1e-05
MUR100ITA,EURA14,2015-11-01 11:59:00,0.00252,0.0115,-0.00606,0.00252,0.0115,-0.00606
MUR100ITA,EURA14,2015-11-02 11:59:00,0.00239,0.01052,0.00115,0.00239,0.01052,0.00115
MUR100ITA,EURA14,2015-11-03 11:59:00,0.00352,0.01135,0.00188,0.00352,0.01135,0.00188
MUR100ITA,EURA14,2015-11-04 11:59:00,0.0029,0.01196,0.004,0.0029,0.01196,0.004
MUR100ITA,EURA14,2015-11-05 11:59:00,0.00256,0.01102,0.00599,0.00256,0.01102,0.00599
MUR100ITA,EURA14,2015-11-06 11:59:00,0.00365,0.01194,0.00547,0.00365,0.01194,0.00547
MUR100ITA,EURA14,2015-11-07 11:59:00,0.00296,0.0128,0.00513,0.00296,0.0128,0.00513
MUR100ITA,EURA14,2015-11-08 11:59:00,0.00279,0.01191,0.0046,0.00279,0.01191,0.0046
MUR100ITA,EURA14,2015-11-09 11:59:00,0.00248,0.01192,0.00673,0.00248,0.01192,0.00673
MUR100ITA,EURA14,2015-11-10 11:59:00,0.0032,0.01122,0.00533,0.0032,0.01122,0.00533
MUR100ITA,EURA14,2015-11-11 11:59:00,0.00212,0.01147,0.00468,0.00212,0.01147,0.00468
MUR100ITA,EURA14,2015-11-12 11:59:00,0.00307,0.0107,0.00345,0.00307,0.0107,0.00345
MUR100ITA,EURA14,2015-11-13 11:59:00,0.00308,0.01073,0.0059,0.00308,0.01073,0.0059
MUR100ITA,EURA14,2015-11-14 11:59:00,0.00334,0.01136,0.00812,0.00334,0.01136,0.00812
MUR100ITA,EURA14,2015-11-15 11:59:00,0.00269,0.01058,0.0094,0.00269,0.01058,0.0094
MUR100ITA,EURA14,2015-11-16 11:59:00,0.00308,0.01141,0.01115,0.00308,0.01141,0.01115
MUR100ITA,EURA14,2015-11-17 11:59:00,0.00346,0.01102,0.00806,0.00346,0.01102,0.00806
MUR100ITA,EURA14,2015-11-18 11:59:00,0.00306,0.01118,0.01007,0.00306,0.01118,0.01007
MUR100ITA,EURA14,2015-11-19 11:59:00,0.00297,0.01096,0.00859,0.00297,0.01096,0.00859
MUR100ITA,EURA14,2015-11-20 11:59:00,0.00337,0.01224,0.00881,0.00337,0.01224,0.00881
MUR100ITA,EURA14,2015-11-21 11:59:00,0.00576,0.01253,0.01789,0.00576,0.01253,0.01789
MUR100ITA,EURA14,2015-11-22 11:59:00,0.00315,0.01088,0.01164,0.00315,0.01088,0.01164
MUR100ITA,EURA14,2015-11-23 11:59:00,0.0034,0.012,0.00438,0.0034,0.012,0.00438
MUR100ITA,EURA14,2015-11-24 11:59:00,0.00326,0.01139,0.00347,0.00326,0.01139,0.00347
MUR100ITA,EURA14,2015-11-25 11:59:00,0.00438,0.0109,0.01091,0.00438,0.0109,0.01091
MUR100ITA,EURA14,2015-11-26 11:59:00,0.00212,0.00971,0.01874,0.00212,0.00971,0.01874
MUR100ITA,EURA14,2015-11-27 11:59:00,-0.00359,0.00407,-3e-05,-0.00359,0.00407,-3e-05
MUR100ITA,EURA14,2015-11-28 11:59:00,0.00188,0.01103,0.00909,0.00188,0.01103,0.00909
MUR100ITA,EURA14,2015-11-29 11:59:00,0.00293,0.01083,-0.00224,0.00293,0.01083,-0.00224
MUR100ITA,EURA14,2015-11-30 11:59:00,0.00274,0.01101,0.00415,0.00274,0.01101,0.00415
MUR100ITA,EURA14,2015-12-01 11:59:00,0.00326,0.01103,0.00479,0.00326,0.01103,0.00479
MUR100ITA,EURA14,2015-12-02 11:59:00,0.00307,0.01102,0.00369,0.00307,0.01102,0.00369
MUR100ITA,EURA14,2015-12-03 11:59:00,0.00334,0.01115,0.00405,0.00334,0.01115,0.00405
MUR100ITA,EURA14,2015-12-04 11:59:00,0.00325,0.0106,0.00565,0.00325,0.0106,0.00565
MUR100ITA,EURA14,2015-12-05 11:59:00,0.00314,0.01106,0.004,0.00314,0.01106,0.004
MUR100ITA,EURA14,2015-12-06 11:59:00,0.00477,0.00865,0.00737,0.00477,0.00865,0.00737
MUR100ITA,EURA14,2015-12-07 11:59:00,0.00245,0.01093,0.00055,0.00245,0.01093,0.00055
MUR100ITA,EURA14,2015-12-08 11:59:00,0.00368,0.01154,0.00319,0.00368,0.01154,0.00319
MUR100ITA,EURA14,2015-12-09 11:59:00,0.00245,0.01109,0.00039,0.00245,0.01109,0.00039
MUR100ITA,EURA14,2015-12-10 11:59:00,0.00366,0.01217,0.00522,0.00366,0.01217,0.00522
MUR100ITA,EURA14,2015-12-11 11:59:00,0.00248,0.01061,0.00196,0.00248,0.01061,0.00196
MUR100ITA,EURA14,2015-12-12 11:59:00,0.00184,0.01131,0.00443,0.00184,0.01131,0.00443
MUR100ITA,EURA14,2015-12-13 11:59:00,0.00196,0.01073,0.00589,0.00196,0.01073,0.00589
MUR100ITA,EURA14,2015-12-14 11:59:00,0.00162,0.01045,0.00348,0.00162,0.01045,0.00348
MUR100ITA,EURA14,2015-12-15 11:59:00,0.0016,0.0106,0.00319,0.0016,0.0106,0.00319
MUR100ITA,EURA14,2015-12-16 11:59:00,0.00271,0.01221,0.00588,0.00271,0.01221,0.00588
MUR100ITA,EURA14,2015-12-17 11:59:00,0.00192,0.01116,0.00598,0.00192,0.01116,0.00598
MUR100ITA,EURA14,2015-12-18 11:59:00,0.00184,0.01042,-0.00031,0.00184,0.01042,-0.00031
MUR100ITA,EURA14,2015-12-19 11:59:00,0.00202,0.01054,0.00224,0.00202,0.01054,0.00224
MUR100ITA,EURA14,2015-12-20 11:59:00,0.00192,0.0107,0.00192,0.00192,0.0107,0.00192
MUR100ITA,EURA14,2015-12-21 11:59:00,0.00238,0.01141,-0.00106,0.00238,0.01141,-0.00106
MUR100ITA,EURA14,2015-12-22 11:59:00,0.00201,0.01109,-0.00209,0.00201,0.01109,-0.00209
MUR100ITA,EURA14,2015-12-23 11:59:00,0.0022,0.01161,0.00491,0.0022,0.01161,0.00491
MUR100ITA,EURA14,2015-12-24 11:59:00,0.00187,0.01111,0.00069,0.00187,0.01111,0.00069
MUR100ITA,EURA14,2015-12-25 11:59:00,0.00125,0.01045,0.0007,0.00125,0.01045,0.0007
MUR100ITA,EURA14,2015-12-26 11:59:00,0.00196,0.01079,0.00105,0.00196,0.01079,0.00105
MUR100ITA,EURA14,2015-12-27 11:59:00,0.00172,0.01062,0.00288,0.00172,0.01062,0.00288
MUR100ITA,EURA14,2015-12-28 11:59:00,0.00119,0.01119,0.00796,0.00119,0.01119,0.00796
MUR100ITA,EURA14,2015-12-29 11:59:00,0.00111,0.0108,0.00549,0.00111,0.0108,0.00549
MUR100ITA,EURA14,2015-12-30 11:59:00,0.00077,0.01039,0.00406,0.00077,0.01039,0.00406
MUR100ITA,EURA14,2015-12-31 11:59:00,0.00109,0.01083,0.00475,0.00109,0.01083,0.00475
MUR100ITA,EURA14,2016-01-01 11:59:00,0.00211,0.01124,0.00699,0.00211,0.01124,0.00699
MUR100ITA,EURA14,2016-01-02 11:59:00,0.00267,0.01027,0.01181,0.00267,0.01027,0.01181
MUR100ITA,EURA14,2016-01-03 11:59:00,0.00262,0.00985,0.01006,0.00262,0.00985,0.01006
MUR100ITA,EURA14,2016-01-04 11:59:00,0.00242,0.00944,0.01539,0.00242,0.00944,0.01539
MUR100ITA,EURA14,2016-01-05 11:59:00,0.00243,0.00984,0.01568,0.00243,0.00984,0.01568
MUR100ITA,EURA14,2016-01-06 11:59:00,0.00199,0.00931,0.01303,0.00199,0.00931,0.01303
MUR100ITA,EURA14,2016-01-07 11:59:00,0.00283,0.00775,0.012,0.00283,0.00775,0.012
MUR100ITA,EURA14,2016-01-08 11:59:00,0.00256,0.00827,0.00696,0.00256,0.00827,0.00696
MUR100ITA,EURA14,2016-01-09 11:59:00,0.00517,0.00944,0.01023,0.00517,0.00944,0.01023
MUR100ITA,EURA14,2016-01-10 11:59:00,0.00451,0.01031,0.0124,0.00451,0.01031,0.0124
MUR100ITA,EURA14,2016-01-11 11:59:00,0.00535,0.01217,0.0112,0.00535,0.01217,0.0112
MUR100ITA,EURA14,2016-01-12 11:59:00,0.00657,0.01116,0.01533,0.00657,0.01116,0.01533
MUR100ITA,EURA14,2016-01-13 11:59:00,0.00429,0.01042,0.00478,0.00429,0.01042,0.00478
MUR100ITA,EURA14,2016-01-14 11:59:00,0.0044,0.01064,0.00859,0.0044,0.01064,0.00859
MUR100ITA,EURA14,2016-01-15 11:59:00,0.00358,0.00893,0.0078,0.00358,0.00893,0.0078
MUR100ITA,EURA14,2016-01-16 11:59:00,4e-05,0.00803,0.01824,4e-05,0.00803,0.01824
MUR100ITA,EURA14,2016-01-17 11:59:00,0.00241,0.00804,0.01368,0.00241,0.00804,0.01368
MUR100ITA,EURA14,2016-01-18 11:59:00,0.00155,0.00992,0.01002,0.00155,0.00992,0.01002
MUR100ITA,EURA14,2016-01-19 11:59:00,0.00196,0.01031,0.00957,0.00196,0.01031,0.00957
MUR100ITA,EURA14,2016-01-20 11:59:00,0.00254,0.01014,0.00955,0.00254,0.01014,0.00955
MUR100ITA,EURA14,2016-01-21 11:59:00,0.0026,0.01035,0.00809,0.0026,0.01035,0.00809
MUR100ITA,EURA14,2016-01-22 11:59:00,0.00234,0.00989,0.00518,0.00234,0.00989,0.00518
MUR100ITA,EURA14,2016-01-23 11:59:00,0.00307,0.0103,0.00224,0.00307,0.0103,0.00224
MUR100ITA,EURA14,2016-01-24 11:59:00,0.003,0.01029,0.0037,0.003,0.01029,0.0037
MUR100ITA,EURA14,2016-01-25 11:59:00,0.0035,0.01014,0.00283,0.0035,0.01014,0.00283
MUR100ITA,EURA14,2016-01-26 11:59:00,0.00377,0.00992,0.00292,0.00377,0.00992,0.00292
MUR100ITA,EURA14,2016-01-27 11:59:00,0.0042,0.01046,0.00783,0.0042,0.01046,0.00783
MUR100ITA,EURA14,2016-01-28 11:59:00,0.00294,0.01103,0.00677,0.00294,0.01103,0.00677
MUR100ITA,EURA14,2016-01-29 11:59:00,0.00296,0.01092,0.00452,0.00296,0.01092,0.00452
MUR100ITA,EURA14,2016-01-30 11:59:00,0.00301,0.0101,0.00631,0.00301,0.0101,0.00631
MUR100ITA,EURA14,2016-01-31 11:59:00,0.00449,0.00966,0.00667,0.00449,0.00966,0.00667
MUR100ITA,EURA14,2016-02-01 11:59:00,0.00319,0.0103,0.00674,0.00319,0.0103,0.00674
MUR100ITA,EURA14,2016-02-02 11:59:00,0.0034,0.01114,0.00327,0.0034,0.01114,0.00327
MUR100ITA,EURA14,2016-02-03 11:59:00,0.00611,0.01153,0.00897,0.00611,0.01153,0.00897
MUR100ITA,EURA14,2016-02-04 11:59:00,0.00318,0.00943,0.01042,0.00318,0.00943,0.01042
MUR100ITA,EURA14,2016-02-05 11:59:00,0.0032,0.01046,0.007,0.0032,0.01046,0.007
MUR100ITA,EURA14,2016-02-06 11:59:00,0.00359,0.01096,0.00287,0.00359,0.01096,0.00287
MUR100ITA,EURA14,2016-02-07 11:59:00,0.00278,0.01132,0.00369,0.00278,0.01132,0.00369
MUR100ITA,EURA14,2016-02-08 11:59:00,0.00445,0.01122,0.00489,0.00445,0.01122,0.00489
MUR100ITA,EURA14,2016-02-09 11:59:00,0.00574,0.01127,0.00739,0.00574,0.01127,0.00739
MUR100ITA,EURA14,2016-02-10 11:59:00,0.00442,0.01145,0.01313,0.00442,0.01145,0.01313
MUR100ITA,EURA14,2016-02-11 11:59:00,0.00234,0.0105,0.00928,0.00234,0.0105,0.00928
MUR100ITA,EURA14,2016-02-12 11:59:00,0.00427,0.01118,0.01021,0.00427,0.01118,0.01021
MUR100ITA,EURA14,2016-02-13 11:59:00,0.00529,0.01113,0.01219,0.00529,0.01113,0.01219
MUR100ITA,EURA14,2016-02-14 11:59:00,0.00726,0.01155,0.01069,0.00726,0.01155,0.01069
MUR100ITA,EURA14,2016-02-15 11:59:00,0.00375,0.01046,0.00928,0.00375,0.01046,0.00928
MUR100ITA,EURA14,2016-02-16 11:59:00,0.00368,0.01202,0.00369,0.00368,0.01202,0.00369
MUR100ITA,EURA14,2016-02-17 11:59:00,0.00434,0.01194,0.00733,0.00434,0.01194,0.00733
MUR100ITA,EURA14,2016-02-18 11:59:00,0.00333,0.01164,0.00508,0.00333,0.01164,0.00508
MUR100ITA,EURA14,2016-02-19 11:59:00,0.0033,0.01172,0.0067,0.0033,0.01172,0.0067
MUR100ITA,EURA14,2016-02-20 11:59:00,0.00258,0.01226,0.00224,0.00258,0.01226,0.00224
MUR100ITA,EURA14,2016-02-21 11:59:00,0.00219,0.01188,0.00292,0.00219,0.01188,0.00292
MUR100ITA,EURA14,2016-02-22 11:59:00,0.00266,0.01056,0.0074,0.00266,0.01056,0.0074
MUR100ITA,EURA14,2016-02-23 11:59:00,0.00299,0.01188,0.00492,0.00299,0.01188,0.00492
MUR100ITA,EURA14,2016-02-24 11:59:00,0.00296,0.01083,0.00311,0.00296,0.01083,0.00311
MUR100ITA,EURA14,2016-02-25 11:59:00,0.00287,0.01145,0.00695,0.00287,0.01145,0.00695
MUR100ITA,EURA14,2016-02-26 11:59:00,0.00292,0.01171,0.00816,0.00292,0.01171,0.00816
MUR100ITA,EURA14,2016-02-27 11:59:00,0.0023,0.01113,0.00863,0.0023,0.01113,0.00863
MUR100ITA,EURA14,2016-02-28 11:59:00,0.00238,0.01177,0.00831,0.00238,0.01177,0.00831
MUR100ITA,EURA14,2016-02-29 11:59:00,0.00437,0.01117,0.00607,0.00437,0.01117,0.00607
MUR100ITA,EURA14,2016-03-01 11:59:00,0.00294,0.01271,0.00462,0.00294,0.01271,0.00462
MUR100ITA,EURA14,2016-03-02 11:59:00,0.00312,0.0116,0.00653,0.00312,0.0116,0.00653
MUR100ITA,EURA14,2016-03-03 11:59:00,0.00256,0.01124,0.01324,0.00256,0.01124,0.01324
MUR100ITA,EURA14,2016-03-04 11:59:00,0.00257,0.01193,0.00811,0.00257,0.01193,0.00811
MUR100ITA,EURA14,2016-03-05 11:59:00,0.00612,0.01274,0.00589,0.00612,0.01274,0.00589
MUR100ITA,EURA14,2016-03-06 11:59:00,0.003,0.01197,0.00985,0.003,0.01197,0.00985
MUR100ITA,EURA14,2016-03-07 11:59:00,0.00201,0.01222,0.00697,0.00201,0.01222,0.00697
MUR100ITA,EURA14,2016-03-08 11:59:00,0.0034,0.01274,0.00788,0.0034,0.01274,0.00788
MUR100ITA,EURA14,2016-03-09 11:59:00,0.0024,0.01264,0.00674,0.0024,0.01264,0.00674
MUR100ITA,EURA14,2016-03-10 11:59:00,0.00181,0.01158,0.00481,0.00181,0.01158,0.00481
MUR100ITA,EURA14,2016-03-11 11:59:00,0.00321,0.01194,-0.001,0.00321,0.01194,-0.001
MUR100ITA,EURA14,2016-03-12 11:59:00,0.00176,0.0126,0.00011,0.00176,0.0126,0.00011
MUR100ITA,EURA14,2016-03-13 11:59:00,0.00239,0.01277,0.00371,0.00239,0.01277,0.00371
MUR100ITA,EURA14,2016-03-14 11:59:00,0.00182,0.01145,0.0028,0.00182,0.01145,0.0028
MUR100ITA,EURA14,2016-03-15 11:59:00,0.00285,0.01267,0.00397,0.00285,0.01267,0.00397
MUR100ITA,EURA14,2016-03-16 11:59:00,0.00218,0.0126,0.00595,0.00218,0.0126,0.00595
MUR100ITA,EURA14,2016-03-17 11:59:00,0.00294,0.01241,0.00242,0.00294,0.01241,0.00242
MUR100ITA,EURA14,2016-03-18 11:59:00,0.00259,0.01295,0.00552,0.00259,0.01295,0.00552
MUR100ITA,EURA14,2016-03-19 11:59:00,0.00252,0.01186,0.00559,0.00252,0.01186,0.00559
MUR100ITA,EURA14,2016-03-20 11:59:00,0.00313,0.01143,0.0047,0.00313,0.01143,0.0047
MUR100ITA,EURA14,2016-03-21 11:59:00,0.00284,0.01158,0.00924,0.00284,0.01158,0.00924
MUR100ITA,EURA14,2016-03-22 11:59:00,0.00244,0.01243,0.01027,0.00244,0.01243,0.01027
MUR100ITA,EURA14,2016-03-23 11:59:00,0.00243,0.01287,0.01335,0.00243,0.01287,0.01335
MUR100ITA,EURA14,2016-03-24 11:59:00,0.00166,0.01174,0.00689,0.00166,0.01174,0.00689
MUR100ITA,EURA14,2016-03-25 11:59:00,0.00253,0.01275,0.00994,0.00253,0.01275,0.00994
MUR100ITA,EURA14,2016-03-26 11:59:00,0.00305,0.01311,0.00663,0.00305,0.01311,0.00663
MUR100ITA,EURA14,2016-03-27 11:59:00,0.00212,0.01214,0.00606,0.00212,0.01214,0.00606
MUR100ITA,EURA14,2016-03-28 11:59:00,0.00218,0.01163,0.00688,0.00218,0.01163,0.00688
MUR100ITA,EURA14,2016-03-29 11:59:00,0.00342,0.01272,0.00183,0.00342,0.01272,0.00183
MUR100ITA,EURA14,2016-03-30 11:59:00,0.00279,0.01179,0.0078,0.00279,0.01179,0.0078
MUR100ITA,EURA14,2016-03-31 11:59:00,0.00192,0.01238,0.00646,0.00192,0.01238,0.00646
MUR100ITA,EURA14,2016-04-01 11:59:00,0.00261,0.01308,0.01034,0.00261,0.01308,0.01034
MUR100ITA,EURA14,2016-04-02 11:59:00,0.00156,0.01281,0.00969,0.00156,0.01281,0.00969
MUR100ITA,EURA14,2016-04-03 11:59:00,0.00252,0.01246,0.01168,0.00252,0.01246,0.01168
MUR100ITA,EURA14,2016-04-04 11:59:00,0.00304,0.01261,0.01156,0.00304,0.01261,0.01156
MUR100ITA,EURA14,2016-04-05 11:59:00,0.00229,0.0118,0.01032,0.00229,0.0118,0.01032
MUR100ITA,EURA14,2016-04-06 11:59:00,0.00171,0.01202,0.01011,0.00171,0.01202,0.01011
MUR100ITA,EURA14,2016-04-07 11:59:00,0.00414,0.01246,0.01524,0.00414,0.01246,0.01524
MUR100ITA,EURA14,2016-04-08 11:59:00,0.00308,0.01144,0.01206,0.00308,0.01144,0.01206
MUR100ITA,EURA14,2016-04-09 11:59:00,0.00262,0.01151,0.01238,0.00262,0.01151,0.01238
MUR100ITA,EURA14,2016-04-10 11:59:00,0.00261,0.01245,0.01105,0.00261,0.01245,0.01105
MUR100ITA,EURA14,2016-04-11 11:59:00,0.00282,0.01154,0.01178,0.00282,0.01154,0.01178
MUR100ITA,EURA14,2016-04-12 11:59:00,0.00226,0.01252,0.0097,0.00226,0.01252,0.0097
MUR100ITA,EURA14,2016-04-13 11:59:00,0.00434,0.01468,0.01206,0.00434,0.01468,0.01206
MUR100ITA,EURA14,2016-04-14 11:59:00,0.00331,0.01239,0.00871,0.00331,0.01239,0.00871
MUR100ITA,EURA14,2016-04-15 11:59:00,0.0031,0.01245,0.01308,0.0031,0.01245,0.01308
MUR100ITA,EURA14,2016-04-16 11:59:00,0.00425,0.01284,0.01237,0.00425,0.01284,0.01237
MUR100ITA,EURA14,2016-04-17 11:59:00,0.00561,0.01382,0.01006,0.00561,0.01382,0.01006
MUR100ITA,EURA14,2016-04-18 11:59:00,0.00406,0.01332,0.01235,0.00406,0.01332,0.01235
MUR100ITA,EURA14,2016-04-19 11:59:00,0.00255,0.01248,0.00702,0.00255,0.01248,0.00702
MUR100ITA,EURA14,2016-04-20 11:59:00,0.00174,0.01318,0.00706,0.00174,0.01318,0.00706
MUR100ITA,EURA14,2016-04-21 11:59:00,0.00276,0.01313,0.00874,0.00276,0.01313,0.00874
MUR100ITA,EURA14,2016-04-22 11:59:00,0.00071,0.01343,0.01338,0.00071,0.01343,0.01338
MUR100ITA,EURA14,2016-04-23 11:59:00,0.00428,0.01227,0.00963,0.00428,0.01227,0.00963
MUR100ITA,EURA14,2016-04-24 11:59:00,0.00386,0.01255,0.01132,0.00386,0.01255,0.01132
MUR100ITA,EURA14,2016-04-25 11:59:00,0.00277,0.01204,0.01265,0.00277,0.01204,0.01265
MUR100ITA,EURA14,2016-04-26 11:59:00,0.00218,0.01341,0.01326,0.00218,0.01341,0.01326
MUR100ITA,EURA14,2016-04-27 11:59:00,0.00459,0.01299,0.00373,0.00459,0.01299,0.00373
MUR100ITA,EURA14,2016-04-28 11:59:00,0.00294,0.01254,0.00468,0.00294,0.01254,0.00468
MUR100ITA,EURA14,2016-04-29 11:59:00,0.00266,0.01386,0.0026,0.00266,0.01386,0.0026
MUR100ITA,EURA14,2016-04-30 11:59:00,0.00474,0.01281,0.00911,0.00474,0.01281,0.00911
MUR100ITA,EURA14,2016-05-01 11:59:00,0.00333,0.01179,0.01032,0.00333,0.01179,0.01032
MUR100ITA,EURA14,2016-05-02 11:59:00,0.00423,0.01404,0.00615,0.00423,0.01404,0.00615
MUR100ITA,EURA14,2016-05-03 11:59:00,0.00494,0.01505,0.00665,0.00494,0.01505,0.00665
MUR100ITA,EURA14,2016-05-04 11:59:00,0.00252,0.01239,0.00577,0.00252,0.01239,0.00577
MUR100ITA,EURA14,2016-05-05 11:59:00,0.00405,0.01331,0.00764,0.00405,0.01331,0.00764
MUR100ITA,EURA14,2016-05-06 11:59:00,0.0047,0.0133,0.00648,0.0047,0.0133,0.00648
MUR100ITA,EURA14,2016-05-07 11:59:00,0.00663,0.012,0.01431,0.00663,0.012,0.01431
MUR100ITA,EURA14,2016-05-08 11:59:00,0.00356,0.01261,0.00832,0.00356,0.01261,0.00832
MUR100ITA,EURA14,2016-05-09 11:59:00,0.00347,0.01305,0.01049,0.00347,0.01305,0.01049
MUR100ITA,EURA14,2016-05-10 11:59:00,0.00376,0.01249,0.01321,0.00376,0.01249,0.01321
MUR100ITA,EURA14,2016-05-11 11:59:00,0.0032,0.01296,0.01246,0.0032,0.01296,0.01246
MUR100ITA,EURA14,2016-05-12 11:59:00,-0.00136,0.01225,0.00819,-0.00136,0.01225,0.00819
MUR100ITA,EURA14,2016-05-13 11:59:00,0.0037,0.01074,0.01485,0.0037,0.01074,0.01485
MUR100ITA,EURA14,2016-05-14 11:59:00,0.00358,0.01324,0.00745,0.00358,0.01324,0.00745
MUR100ITA,EURA14,2016-05-15 11:59:00,0.00264,0.01438,0.003,0.00264,0.01438,0.003
MUR100ITA,EURA14,2016-05-16 11:59:00,0.00299,0.01338,0.00189,0.00299,0.01338,0.00189
MUR100ITA,EURA14,2016-05-17 11:59:00,0.00261,0.01423,0.00033,0.00261,0.01423,0.00033
MUR100ITA,EURA14,2016-05-18 11:59:00,0.00242,0.01334,0.00362,0.00242,0.01334,0.00362
MUR100ITA,EURA14,2016-05-19 11:59:00,0.0022,0.01388,0.00547,0.0022,0.01388,0.00547
MUR100ITA,EURA14,2016-05-20 11:59:00,-0.00055,0.00678,0.00059,-0.00055,0.00678,0.00059
MUR100ITA,EURA14,2016-05-21 11:59:00,0.00268,0.01354,0.00693,0.00268,0.01354,0.00693
MUR100ITA,EURA14,2016-05-22 11:59:00,0.00321,0.01289,0.00791,0.00321,0.01289,0.00791
MUR100ITA,EURA14,2016-05-23 11:59:00,0.00529,0.01398,0.00855,0.00529,0.01398,0.00855
MUR100ITA,EURA14,2016-05-24 11:59:00,0.00348,0.01371,0.00581,0.00348,0.01371,0.00581
MUR100ITA,EURA14,2016-05-25 11:59:00,0.00317,0.01441,0.00674,0.00317,0.01441,0.00674
MUR100ITA,EURA14,2016-05-26 11:59:00,0.00268,0.01385,0.00304,0.00268,0.01385,0.00304
MUR100ITA,EURA14,2016-05-27 11:59:00,0.00272,0.01345,0.0071,0.00272,0.01345,0.0071
MUR100ITA,EURA14,2016-05-28 11:59:00,0.00409,0.01393,0.00498,0.00409,0.01393,0.00498
MUR100ITA,EURA14,2016-05-29 11:59:00,0.00337,0.01265,0.00791,0.00337,0.01265,0.00791
MUR100ITA,EURA14,2016-05-30 11:59:00,0.00299,0.01468,0.00324,0.00299,0.01468,0.00324
MUR100ITA,EURA14,2016-05-31 11:59:00,0.00489,0.00931,0.00881,0.00489,0.00931,0.00881
MUR100ITA,EURA14,2016-06-01 11:59:00,0.00354,0.0139,0.00179,0.00354,0.0139,0.00179
MUR100ITA,EURA14,2016-06-02 11:59:00,0.00255,0.01505,0.0023,0.00255,0.01505,0.0023
MUR100ITA,EURA14,2016-06-03 11:59:00,0.0036,0.01423,0.00467,0.0036,0.01423,0.00467
MUR100ITA,EURA14,2016-06-04 11:59:00,0.0025,0.01431,0.00304,0.0025,0.01431,0.00304
MUR100ITA,EURA14,2016-06-05 11:59:00,0.00306,0.01388,0.00388,0.00306,0.01388,0.00388
MUR100ITA,EURA14,2016-06-06 11:59:00,0.00371,0.0145,0.00304,0.00371,0.0145,0.00304
MUR100ITA,EURA14,2016-06-07 11:59:00,0.00111,0.01401,-0.00065,0.00111,0.01401,-0.00065
MUR100ITA,EURA14,2016-06-08 11:59:00,0.00396,0.01425,0.00527,0.00396,0.01425,0.00527
MUR100ITA,EURA14,2016-06-09 11:59:00,0.00362,0.01429,-0.00118,0.00362,0.01429,-0.00118
MUR100ITA,EURA14,2016-06-10 11:59:00,0.0018,0.01444,0.00479,0.0018,0.01444,0.00479
MUR100ITA,EURA14,2016-06-11 11:59:00,0.00296,0.01339,0.0003,0.00296,0.01339,0.0003
MUR100ITA,EURA14,2016-06-12 11:59:00,0.00351,0.01414,0.00311,0.00351,0.01414,0.00311
MUR100ITA,EURA14,2016-06-13 11:59:00,0.00445,0.01339,0.00747,0.00445,0.01339,0.00747
MUR100ITA,EURA14,2016-06-14 11:59:00,0.00375,0.01384,0.00258,0.00375,0.01384,0.00258
MUR100ITA,EURA14,2016-06-15 11:59:00,0.00611,0.01418,0.00677,0.00611,0.01418,0.00677
MUR100ITA,EURA14,2016-06-16 11:59:00,0.00561,0.01469,0.00472,0.00561,0.01469,0.00472
MUR100ITA,EURA14,2016-06-17 11:59:00,0.00217,0.01406,0.00318,0.00217,0.01406,0.00318
MUR100ITA,EURA14,2016-06-18 11:59:00,0.00183,0.01486,0.00055,0.00183,0.01486,0.00055
MUR100ITA,EURA14,2016-06-19 11:59:00,0.00103,0.01568,0.00173,0.00103,0.01568,0.00173
MUR100ITA,EURA14,2016-06-20 11:59:00,0.00211,0.01419,-0.00012,0.00211,0.01419,-0.00012
MUR100ITA,EURA14,2016-06-21 11:59:00,0.00225,0.01373,0.00118,0.00225,0.01373,0.00118
MUR100ITA,EURA14,2016-06-22 11:59:00,0.00115,0.01418,0.00343,0.00115,0.01418,0.00343
MUR100ITA,EURA14,2016-06-23 11:59:00,0.00206,0.01322,0.00044,0.00206,0.01322,0.00044
MUR100ITA,EURA14,2016-06-24 11:59:00,0.00191,0.0142,0.00302,0.00191,0.0142,0.00302
MUR100ITA,EURA14,2016-06-25 11:59:00,0.00284,0.01477,0.00098,0.00284,0.01477,0.00098
MUR100ITA,EURA14,2016-06-26 11:59:00,0.00212,0.01355,0.01038,0.00212,0.01355,0.01038
MUR100ITA,EURA14,2016-06-27 11:59:00,0.00214,0.01416,0.00485,0.00214,0.01416,0.00485
MUR100ITA,EURA14,2016-06-28 11:59:00,0.00225,0.01445,0.00162,0.00225,0.01445,0.00162
MUR100ITA,EURA14,2016-06-29 11:59:00,0.00259,0.01429,0.00713,0.00259,0.01429,0.00713
MUR100ITA,EURA14,2016-06-30 11:59:00,0.00169,0.01323,0.00815,0.00169,0.01323,0.00815
MUR100ITA,EURA14,2016-07-01 11:59:00,0.00282,0.01428,0.00695,0.00282,0.01428,0.00695
MUR100ITA,EURA14,2016-07-02 11:59:00,0.00236,0.01479,0.00727,0.00236,0.01479,0.00727
MUR100ITA,EURA14,2016-07-03 11:59:00,0.00165,0.01545,0.0056,0.00165,0.01545,0.0056
MUR100ITA,EURA14,2016-07-04 11:59:00,9e-05,0.01407,0.00743,9e-05,0.01407,0.00743
MUR100ITA,EURA14,2016-07-05 11:59:00,0.0052,0.01382,0.01588,0.0052,0.01382,0.01588
MUR100ITA,EURA14,2016-07-06 11:59:00,0.00176,0.01489,0.01274,0.00176,0.01489,0.01274
MUR100ITA,EURA14,2016-07-07 11:59:00,0.00225,0.01443,0.00922,0.00225,0.01443,0.00922
MUR100ITA,EURA14,2016-07-08 11:59:00,0.00395,0.01554,0.00834,0.00395,0.01554,0.00834
MUR100ITA,EURA14,2016-07-09 11:59:00,0.00189,0.01357,0.01274,0.00189,0.01357,0.01274
MUR100ITA,EURA14,2016-07-10 11:59:00,-0.00018,0.01334,0.01233,-0.00018,0.01334,0.01233
MUR100ITA,EURA14,2016-07-11 11:59:00,0.00271,0.01291,0.01404,0.00271,0.01291,0.01404
MUR100ITA,EURA14,2016-07-12 11:59:00,0.00128,0.01584,0.00255,0.00128,0.01584,0.00255
MUR100ITA,EURA14,2016-07-13 11:59:00,0.002,0.01414,0.01141,0.002,0.01414,0.01141
MUR100ITA,EURA14,2016-07-14 11:59:00,0.00161,0.01458,0.01943,0.00161,0.01458,0.01943
MUR100ITA,EURA14,2016-07-15 11:59:00,0.00138,0.01302,0.0091,0.00138,0.01302,0.0091
MUR100ITA,EURA14,2016-07-16 11:59:00,0.00249,0.01342,0.01366,0.00249,0.01342,0.01366
MUR100ITA,EURA14,2016-07-17 11:59:00,0.00323,0.01482,0.00843,0.00323,0.01482,0.00843
MUR100ITA,EURA14,2016-07-18 11:59:00,0.00261,0.0145,0.01046,0.00261,0.0145,0.01046
MUR100ITA,EURA14,2016-07-19 11:59:00,0.00307,0.0148,0.01081,0.00307,0.0148,0.01081
MUR100ITA,EURA14,2016-07-20 11:59:00,0.00097,0.01478,0.01044,0.00097,0.01478,0.01044
MUR100ITA,EURA14,2016-07-21 11:59:00,0.00348,0.01545,0.01231,0.00348,0.01545,0.01231
MUR100ITA,EURA14,2016-07-22 11:59:00,0.00204,0.01445,0.00801,0.00204,0.01445,0.00801
MUR100ITA,EURA14,2016-07-23 11:59:00,0.00153,0.01433,0.01044,0.00153,0.01433,0.01044
MUR100ITA,EURA14,2016-07-24 11:59:00,0.003,0.01382,0.01348,0.003,0.01382,0.01348
MUR100ITA,EURA14,2016-07-25 11:59:00,0.00357,0.01522,0.00964,0.00357,0.01522,0.00964
MUR100ITA,EURA14,2016-07-26 11:59:00,0.00288,0.0135,0.00847,0.00288,0.0135,0.00847
MUR100ITA,EURA14,2016-07-27 11:59:00,0.00301,0.01457,0.00573,0.00301,0.01457,0.00573
MUR100ITA,EURA14,2016-07-28 11:59:00,0.00332,0.01488,0.0075,0.00332,0.01488,0.0075
MUR100ITA,EURA14,2016-07-29 11:59:00,0.00173,0.01383,0.01507,0.00173,0.01383,0.01507
MUR100ITA,EURA14,2016-07-30 11:59:00,0.00429,0.0148,0.01495,0.00429,0.0148,0.01495
MUR100ITA,EURA14,2016-07-31 11:59:00,0.00057,0.01515,0.01166,0.00057,0.01515,0.01166
MUR100ITA,EURA14,2016-08-01 11:59:00,0.00315,0.01773,0.00445,0.00315,0.01773,0.00445
MUR100ITA,EURA14,2016-08-02 11:59:00,0.00324,0.01588,0.00832,0.00324,0.01588,0.00832
MUR100ITA,EURA14,2016-08-03 11:59:00,0.00274,0.01462,0.01065,0.00274,0.01462,0.01065
MUR100ITA,EURA14,2016-08-04 11:59:00,0.00177,0.01417,0.01583,0.00177,0.01417,0.01583
MUR100ITA,EURA14,2016-08-05 11:59:00,0.00072,0.01572,0.01046,0.00072,0.01572,0.01046
MUR100ITA,EURA14,2016-08-06 11:59:00,0.00055,0.01177,0.00612,0.00055,0.01177,0.00612
MUR100ITA,EURA14,2016-08-07 11:59:00,0.00207,0.0145,-0.00323,0.00207,0.0145,-0.00323
MUR100ITA,EURA14,2016-08-08 11:59:00,0.00257,0.01358,0.01031,0.00257,0.01358,0.01031
MUR100ITA,EURA14,2016-08-09 11:59:00,0.00364,0.01405,0.01138,0.00364,0.01405,0.01138
MUR100ITA,EURA14,2016-08-10 11:59:00,-0.00485,0.01678,0.01438,-0.00485,0.01678,0.01438
MUR100ITA,EURA14,2016-08-11 11:59:00,0.001,0.01315,0.00771,0.001,0.01315,0.00771
MUR100ITA,EURA14,2016-08-12 11:59:00,0.00199,0.01397,0.00552,0.00199,0.01397,0.00552
MUR100ITA,EURA14,2016-08-13 11:59:00,0.00218,0.01405,0.00597,0.00218,0.01405,0.00597
MUR100ITA,EURA14,2016-08-14 11:59:00,0.00238,0.01467,0.0114,0.00238,0.01467,0.0114
MUR100ITA,EURA14,2016-08-15 11:59:00,0.00128,0.0135,0.01296,0.00128,0.0135,0.01296
MUR100ITA,EURA14,2016-08-16 11:59:00,0.00424,0.01534,0.01009,0.00424,0.01534,0.01009
MUR100ITA,EURA14,2016-08-17 11:59:00,0.00249,0.01431,0.00906,0.00249,0.01431,0.00906
MUR100ITA,EURA14,2016-08-18 11:59:00,0.00275,0.01468,0.00774,0.00275,0.01468,0.00774
MUR100ITA,EURA14,2016-08-19 11:59:00,0.00304,0.01234,0.01527,0.00304,0.01234,0.01527
MUR100ITA,EURA14,2016-08-20 11:59:00,0.00309,0.01452,0.01138,0.00309,0.01452,0.01138
MUR100ITA,EURA14,2016-08-21 11:59:00,0.00314,0.01571,0.00994,0.00314,0.01571,0.00994
MUR100ITA,EURA14,2016-08-22 11:59:00,0.00091,0.01083,0.00657,0.00091,0.01083,0.00657
MUR100ITA,EURA14,2016-08-23 11:59:00,0.00325,0.01058,0.01597,0.00325,0.01058,0.01597
MUR100ITA,EURA14,2016-08-24 11:59:00,0.00333,0.01579,0.02282,0.00333,0.01579,0.02282
MUR100ITA,EURA14,2016-08-25 11:59:00,0.00117,0.01281,0.0045,0.00117,0.01281,0.0045
MUR100ITA,EURA14,2016-08-26 11:59:00,0.00364,0.0142,0.00802,0.00364,0.0142,0.00802
MUR100ITA,EURA14,2016-08-27 11:59:00,0.00294,0.01362,0.00704,0.00294,0.01362,0.00704
MUR100ITA,EURA14,2016-08-28 11:59:00,0.003695,0.013219999999999999,0.00927,0.003695,0.013219999999999999,0.00927
MUR100ITA,EURA14,2016-08-29 11:59:00,0.00445,0.01282,0.0115,0.00445,0.01282,0.0115
MUR100ITA,EURA14,2016-08-30 11:59:00,0.00329,0.01314,0.00042,0.00329,0.01314,0.00042
MUR100ITA,EURA14,2016-08-31 11:59:00,0.00348,0.01406,0.00886,0.00348,0.01406,0.00886
MUR100ITA,EURA14,2016-09-01 11:59:00,0.00302,0.01366,0.00984,0.00302,0.01366,0.00984
MUR100ITA,EURA14,2016-09-02 11:59:00,0.00299,0.01307,0.01208,0.00299,0.01307,0.01208
MUR100ITA,EURA14,2016-09-03 11:59:00,0.00348,0.01417,0.01165,0.00348,0.01417,0.01165
MUR100ITA,EURA14,2016-09-04 11:59:00,0.00357,0.01427,0.01071,0.00357,0.01427,0.01071
MUR100ITA,EURA14,2016-09-05 11:59:00,0.00265,0.01422,0.01518,0.00265,0.01422,0.01518
MUR100ITA,EURA14,2016-09-06 11:59:00,0.00263,0.01134,0.00846,0.00263,0.01134,0.00846
MUR100ITA,EURA14,2016-09-07 11:59:00,0.00439,0.01337,0.00841,0.00439,0.01337,0.00841
MUR100ITA,EURA14,2016-09-08 11:59:00,0.00401,0.01237,0.01063,0.00401,0.01237,0.01063
MUR100ITA,EURA14,2016-09-09 11:59:00,0.00265,0.01369,0.01152,0.00265,0.01369,0.01152
MUR100ITA,EURA14,2016-09-10 11:59:00,0.00439,0.0131,0.00816,0.00439,0.0131,0.00816
MUR100ITA,EURA14,2016-09-11 11:59:00,0.00318,0.0136,0.01049,0.00318,0.0136,0.01049
MUR100ITA,EURA14,2016-09-12 11:59:00,0.00295,0.01509,0.01381,0.00295,0.01509,0.01381
MUR100ITA,EURA14,2016-09-13 11:59:00,0.00251,0.01302,0.00989,0.00251,0.01302,0.00989
MUR100ITA,EURA14,2016-09-14 11:59:00,-0.00126,0.0088,0.01454,-0.00126,0.0088,0.01454
MUR100ITA,EURA14,2016-09-15 11:59:00,0.0025,0.01463,0.00922,0.0025,0.01463,0.00922
MUR100ITA,EURA14,2016-09-16 11:59:00,0.00189,0.01458,0.01154,0.00189,0.01458,0.01154
MUR100ITA,EURA14,2016-09-17 11:59:00,0.00259,0.01411,0.01079,0.00259,0.01411,0.01079
MUR100ITA,EURA14,2016-09-18 11:59:00,-0.00198,0.01566,0.01587,-0.00198,0.01566,0.01587
MUR100ITA,EURA14,2016-09-19 11:59:00,0.00213,0.01312,0.01033,0.00213,0.01312,0.01033
MUR100ITA,EURA14,2016-09-20 11:59:00,0.00252,0.01107,0.01288,0.00252,0.01107,0.01288
MUR100ITA,EURA14,2016-09-21 11:59:00,0.00182,0.01293,0.01341,0.00182,0.01293,0.01341
MUR100ITA,EURA14,2016-09-22 11:59:00,0.00278,0.01374,0.0091,0.00278,0.01374,0.0091
MUR100ITA,EURA14,2016-09-23 11:59:00,0.00229,0.01368,0.00455,0.00229,0.01368,0.00455
MUR100ITA,EURA14,2016-09-24 11:59:00,0.001,0.01335,0.0088,0.001,0.01335,0.0088
MUR100ITA,EURA14,2016-09-25 11:59:00,0.00226,0.01327,0.0087,0.00226,0.01327,0.0087
MUR100ITA,EURA14,2016-09-26 11:59:00,0.00133,0.0124,0.00783,0.00133,0.0124,0.00783
MUR100ITA,EURA14,2016-09-27 11:59:00,0.0017,0.01373,0.00761,0.0017,0.01373,0.00761
MUR100ITA,EURA14,2016-09-28 11:59:00,0.00193,0.01353,0.00235,0.00193,0.01353,0.00235
MUR100ITA,EURA14,2016-09-29 11:59:00,0.00222,0.01291,0.00515,0.00222,0.01291,0.00515
MUR100ITA,EURA14,2016-09-30 11:59:00,0.00326,0.0134,0.0097,0.00326,0.0134,0.0097
MUR100ITA,EURA14,2016-10-01 11:59:00,0.00232,0.0133,0.01031,0.00232,0.0133,0.01031
MUR100ITA,EURA14,2016-10-02 11:59:00,0.0027,0.01349,0.01319,0.0027,0.01349,0.01319
MUR100ITA,EURA14,2016-10-03 11:59:00,0.00291,0.01228,0.00982,0.00291,0.01228,0.00982
MUR100ITA,EURA14,2016-10-04 11:59:00,0.00153,0.01228,0.0097,0.00153,0.01228,0.0097
MUR100ITA,EURA14,2016-10-05 11:59:00,0.0018,0.0136,0.00815,0.0018,0.0136,0.00815
MUR100ITA,EURA14,2016-10-06 11:59:00,0.00274,0.01313,0.01088,0.00274,0.01313,0.01088
MUR100ITA,EURA14,2016-10-07 11:59:00,0.0017,0.01168,0.01099,0.0017,0.01168,0.01099
MUR100ITA,EURA14,2016-10-08 11:59:00,0.00238,0.01264,0.01184,0.00238,0.01264,0.01184
MUR100ITA,EURA14,2016-10-09 11:59:00,0.00232,0.01182,0.00824,0.00232,0.01182,0.00824
MUR100ITA,EURA14,2016-10-10 11:59:00,0.00173,0.01283,0.00583,0.00173,0.01283,0.00583
MUR100ITA,EURA14,2016-10-11 11:59:00,0.00196,0.01204,0.00816,0.00196,0.01204,0.00816
MUR100ITA,EURA14,2016-10-12 11:59:00,0.00279,0.01232,0.00971,0.00279,0.01232,0.00971
MUR100ITA,EURA14,2016-10-13 11:59:00,0.00284,0.01343,0.01259,0.00284,0.01343,0.01259
MUR100ITA,EURA14,2016-10-14 11:59:00,0.00316,0.01321,0.00655,0.00316,0.01321,0.00655
MUR100ITA,EURA14,2016-10-15 11:59:00,0.00412,0.01278,0.00926,0.00412,0.01278,0.00926
MUR100ITA,EURA14,2016-10-16 11:59:00,0.00289,0.01221,0.00722,0.00289,0.01221,0.00722
MUR100ITA,EURA14,2016-10-17 11:59:00,0.00328,0.01416,0.0036,0.00328,0.01416,0.0036
MUR100ITA,EURA14,2016-10-18 11:59:00,0.00304,0.01404,0.00734,0.00304,0.01404,0.00734
MUR100ITA,EURA14,2016-10-19 11:59:00,0.00329,0.01287,0.00515,0.00329,0.01287,0.00515
MUR100ITA,EURA14,2016-10-20 11:59:00,0.00155,0.01334,0.00737,0.00155,0.01334,0.00737
MUR100ITA,EURA14,2016-10-21 11:59:00,0.0033,0.01239,0.00378,0.0033,0.01239,0.00378
MUR100ITA,EURA14,2016-10-22 11:59:00,0.00334,0.01232,0.00822,0.00334,0.01232,0.00822
MUR100ITA,EURA14,2016-10-23 11:59:00,0.00474,0.01319,0.00558,0.00474,0.01319,0.00558
MUR100ITA,EURA14,2016-10-24 11:59:00,0.00384,0.01352,0.00661,0.00384,0.01352,0.00661
MUR100ITA,EURA14,2016-10-25 11:59:00,0.00344,0.013,0.00579,0.00344,0.013,0.00579
MUR100ITA,EURA14,2016-10-26 11:59:00,0.00402,0.01203,0.00496,0.00402,0.01203,0.00496
MUR100ITA,EURA14,2016-10-27 11:59:00,0.00408,0.01236,0.00104,0.00408,0.01236,0.00104
MUR100ITA,EURA14,2016-10-28 11:59:00,0.00401,0.01462,0.00266,0.00401,0.01462,0.00266
MUR100ITA,EURA14,2016-10-29 11:59:00,0.00372,0.01375,-0.00041,0.00372,0.01375,-0.00041
MUR100ITA,EURA14,2016-10-30 11:59:00,0.00115,0.0141,0.00848,0.003101223864421323,0.011990768888739548,0.008097883199663572
MUR100ITA,EURA14,2016-10-31 11:59:00,-0.00029,0.01376,0.00695,0.0016612238644213226,0.011650768888739548,0.006567883199663573
MUR100ITA,EURA14,2016-11-01 11:59:00,0.00069,0.01368,0.00854,0.0026412238644213226,0.011570768888739548,0.008157883199663573
MUR100ITA,EURA14,2016-11-02 11:59:00,0.00042,0.01267,0.01049,0.0023712238644213227,0.010560768888739549,0.010107883199663572
MUR100ITA,EURA14,2016-11-03 11:59:00,0.0003,0.014,0.00856,0.002251223864421323,0.011890768888739548,0.008177883199663573
MUR100ITA,EURA14,2016-11-04 11:59:00,0.00142,0.01372,0.00882,0.0033712238644213227,0.011610768888739548,0.008437883199663572
MUR100ITA,EURA14,2016-11-05 11:59:00,0.00498,0.01509,0.01606,0.006931223864421323,0.012980768888739547,0.015677883199663574
MUR100ITA,EURA14,2016-11-06 11:59:00,0.00067,0.01365,0.0176,0.0026212238644213225,0.011540768888739549,0.017217883199663574
MUR100ITA,EURA14,2016-11-07 11:59:00,0.00299,0.01415,0.01446,0.0049412238644213225,0.012040768888739548,0.014077883199663573
MUR100ITA,EURA14,2016-11-08 11:59:00,0.00149,0.01317,0.00861,0.003441223864421323,0.011060768888739548,0.008227883199663572
MUR100ITA,EURA14,2016-11-09 11:59:00,0.00151,0.01395,0.00887,0.003461223864421323,0.011840768888739549,0.008487883199663572
MUR100ITA,EURA14,2016-11-10 11:59:00,0.00151,0.01423,0.00733,0.003461223864421323,0.012120768888739548,0.006947883199663573
MUR100ITA,EURA14,2016-11-11 11:59:00,0.00375,0.01469,0.01,0.005701223864421323,0.012580768888739548,0.009617883199663573
MUR100ITA,EURA14,2016-11-12 11:59:00,0.00245,0.01119,0.00427,0.004401223864421323,0.009080768888739548,0.0038878831996635734
MUR100ITA,EURA14,2016-11-13 11:59:00,0.00173,0.01403,0.00216,0.0036812238644213227,0.011920768888739549,0.001777883199663573
MUR100ITA,EURA14,2016-11-14 11:59:00,0.00072,0.0145,0.0046,0.0026712238644213226,0.012390768888739549,0.004217883199663573
MUR100ITA,EURA14,2016-11-15 11:59:00,0.00061,0.01365,0.00419,0.0025612238644213228,0.011540768888739549,0.003807883199663573
MUR100ITA,EURA14,2016-11-16 11:59:00,0.00146,0.01331,0.00705,0.0034112238644213224,0.011200768888739549,0.006667883199663573
MUR100ITA,EURA14,2016-11-17 11:59:00,0.0009,0.0142,0.00362,0.0028512238644213227,0.012090768888739549,0.003237883199663573
MUR100ITA,EURA14,2016-11-18 11:59:00,0.00244,0.01384,0.00652,0.004391223864421322,0.011730768888739548,0.006137883199663573
MUR100ITA,EURA14,2016-11-19 11:59:00,0.00092,0.01456,0.0076,0.0028712238644213227,0.012450768888739548,0.0072178831996635735
MUR100ITA,EURA14,2016-11-20 11:59:00,0.00192,0.013,0.01141,0.0038712238644213227,0.010890768888739548,0.011027883199663573
MUR100ITA,EURA14,2016-11-21 11:59:00,0.00142,0.01353,0.00669,0.0033712238644213227,0.011420768888739549,0.006307883199663573
MUR100ITA,EURA14,2016-11-22 11:59:00,0.00178,0.0134,0.00723,0.0037312238644213224,0.011290768888739549,0.006847883199663574
MUR100ITA,EURA14,2016-11-23 11:59:00,0.00163,0.01385,0.00653,0.0035812238644213224,0.011740768888739548,0.006147883199663574
MUR100ITA,EURA14,2016-11-24 11:59:00,0.00088,0.01391,0.005,0.0028312238644213226,0.011800768888739549,0.004617883199663574
MUR100ITA,EURA14,2016-11-25 11:59:00,0.00189,0.01433,0.01256,0.0038412238644213227,0.012220768888739549,0.012177883199663573
MUR100ITA,EURA14,2016-11-26 11:59:00,0.00058,0.01361,0.00395,0.0025312238644213227,0.011500768888739549,0.0035678831996635734
MUR100ITA,EURA14,2016-11-27 11:59:00,0.00024,0.01366,0.00703,0.0021912238644213227,0.011550768888739548,0.006647883199663573
MUR100ITA,EURA14,2016-11-28 11:59:00,0.00011,0.01463,0.00417,0.0020612238644213228,0.012520768888739549,0.003787883199663573
MUR100ITA,EURA14,2016-11-29 11:59:00,0.00356,0.01793,0.00686,0.005511223864421323,0.01582076888873955,0.006477883199663573
MUR100ITA,EURA14,2016-11-30 11:59:00,0.00042,0.01412,0.00238,0.0023712238644213227,0.012010768888739549,0.001997883199663573
MUR100ITA,EURA14,2016-12-01 11:59:00,-0.00042,0.01388,0.0053,0.0015312238644213227,0.011770768888739548,0.0049178831996635735
MUR100ITA,EURA14,2016-12-02 11:59:00,0.00054,0.01389,0.00239,0.0024912238644213226,0.011780768888739548,0.0020078831996635732
MUR100ITA,EURA14,2016-12-03 11:59:00,-8e-05,0.01443,0.00637,0.0018712238644213227,0.012320768888739548,0.005987883199663573
MUR100ITA,EURA14,2016-12-04 11:59:00,0.00013,0.01432,0.00621,0.002081223864421323,0.012210768888739548,0.005827883199663574
MUR100ITA,EURA14,2016-12-05 11:59:00,7e-05,0.0147,0.00364,0.0020212238644213227,0.012590768888739548,0.003257883199663573
MUR100ITA,EURA14,2016-12-06 11:59:00,-0.00051,0.01415,0.00598,0.0014412238644213227,0.012040768888739548,0.0055978831996635735
MUR100ITA,EURA14,2016-12-07 11:59:00,0.00057,0.01524,0.00204,0.0025212238644213227,0.013130768888739548,0.0016578831996635732
MUR100ITA,EURA14,2016-12-08 11:59:00,-0.0001,0.01385,0.00362,0.0018512238644213226,0.011740768888739548,0.003237883199663573
MUR100ITA,EURA14,2016-12-09 11:59:00,-0.00165,0.01398,0.00567,0.0003012238644213227,0.011870768888739548,0.005287883199663573
MUR100ITA,EURA14,2016-12-10 11:59:00,-0.00169,0.01384,0.005,0.0002612238644213226,0.011730768888739548,0.004617883199663574
MUR100ITA,EURA14,2016-12-11 11:59:00,-0.00088,0.01457,0.01014,0.0010712238644213228,0.012460768888739548,0.009757883199663572
MUR100ITA,EURA14,2016-12-12 11:59:00,-0.00144,0.014,0.00588,0.0005112238644213226,0.011890768888739548,0.005497883199663573
MUR100ITA,EURA14,2016-12-13 11:59:00,-0.00074,0.01404,0.00672,0.0012112238644213227,0.011930768888739549,0.006337883199663574
MUR100ITA,EURA14,2016-12-14 11:59:00,-0.0001,0.01384,0.0068,0.0018512238644213226,0.011730768888739548,0.006417883199663573
MUR100ITA,EURA14,2016-12-15 11:59:00,-0.00113,0.01358,0.00492,0.0008212238644213228,0.011470768888739548,0.004537883199663573
MUR100ITA,EURA14,2016-12-16 11:59:00,0.00088,0.01479,0.00668,0.0028312238644213226,0.012680768888739547,0.006297883199663574
MUR100ITA,EURA14,2016-12-17 11:59:00,-0.00146,0.01524,0.00076,0.0004912238644213228,0.013130768888739548,0.00037788319966357314
MUR100ITA,EURA14,2016-12-18 11:59:00,-0.00027,0.01477,0.00193,0.0016812238644213226,0.012660768888739548,0.0015478831996635731
MUR100ITA,EURA14,2016-12-19 11:59:00,-0.00103,0.01435,0.00429,0.0009212238644213226,0.012240768888739548,0.003907883199663574
MUR100ITA,EURA14,2016-12-20 11:59:00,-0.00132,0.01444,0.00582,0.0006312238644213227,0.012330768888739548,0.005437883199663573
MUR100ITA,EURA14,2016-12-21 11:59:00,6e-05,0.01439,0.00746,0.0020112238644213226,0.012280768888739548,0.007077883199663573
MUR100ITA,EURA14,2016-12-22 11:59:00,-0.00084,0.01382,0.00882,0.0011112238644213227,0.011710768888739549,0.008437883199663572
MUR100ITA,EURA14,2016-12-23 11:59:00,-0.00155,0.01347,0.00911,0.00040122386442132275,0.011360768888739547,0.008727883199663573
MUR100ITA,EURA14,2016-12-24 11:59:00,-0.00172,0.01359,0.0055,0.00023122386442132273,0.011480768888739548,0.005117883199663573
MUR100ITA,EURA14,2016-12-25 11:59:00,-0.00113,0.01378,0.00652,0.0008212238644213228,0.011670768888739549,0.006137883199663573
MUR100ITA,EURA14,2016-12-26 11:59:00,-0.00119,0.01425,0.00665,0.0007612238644213226,0.012140768888739549,0.006267883199663573
MUR100ITA,EURA14,2016-12-27 11:59:00,-0.0019,0.01281,0.01121,5.1223864421322696e-05,0.010700768888739548,0.010827883199663572
MUR100ITA,EURA14,2016-12-28 11:59:00,-0.00177,0.01401,0.00964,0.0001812238644213226,0.011900768888739548,0.009257883199663572
MUR100ITA,EURA14,2016-12-29 11:59:00,-0.00599,0.00948,0.00673,-0.004038776135578677,0.007370768888739549,0.006347883199663573
MUR100ITA,EURA14,2016-12-30 11:59:00,0.00056,0.01596,0.00553,0.0025112238644213226,0.013850768888739547,0.005147883199663574
MUR100ITA,EURA14,2016-12-31 11:59:00,-0.00062,0.01456,0.00821,0.0013312238644213226,0.012450768888739548,0.007827883199663573
MUR100ITA,EURA14,2017-01-01 11:59:00,-0.00108,0.01427,0.01026,0.0008712238644213227,0.012160768888739548,0.009877883199663573
MUR100ITA,EURA14,2017-01-02 11:59:00,-0.00014,0.01395,0.01033,0.0018112238644213228,0.011840768888739549,0.009947883199663573
MUR100ITA,EURA14,2017-01-03 11:59:00,-0.00015,0.01245,0.01009,0.0018012238644213227,0.010340768888739547,0.009707883199663573
MUR100ITA,EURA14,2017-01-04 11:59:00,0.00062,0.01352,0.01093,0.002571223864421323,0.011410768888739549,0.010547883199663573
MUR100ITA,EURA14,2017-01-05 11:59:00,-0.00263,0.0125,0.01652,-0.0006787761355786773,0.010390768888739549,0.016137883199663573
MUR100ITA,EURA14,2017-01-06 11:59:00,-0.00253,0.01271,0.01287,-0.0005787761355786774,0.010600768888739549,0.012487883199663572
MUR100ITA,EURA14,2017-01-07 11:59:00,-0.00048,0.01291,0.00912,0.0014712238644213227,0.010800768888739548,0.008737883199663572
MUR100ITA,EURA14,2017-01-08 11:59:00,0.0006,0.01377,0.01126,0.0025512238644213227,0.011660768888739547,0.010877883199663572
MUR100ITA,EURA14,2017-01-09 11:59:00,-0.0008,0.01343,0.00752,0.0011512238644213225,0.011320768888739547,0.007137883199663573
MUR100ITA,EURA14,2017-01-10 11:59:00,0.00052,0.01282,0.00934,0.0024712238644213225,0.010710768888739548,0.008957883199663572
MUR100ITA,EURA14,2017-01-11 11:59:00,0.00051,0.01337,0.00971,0.002461223864421323,0.011260768888739548,0.009327883199663572
MUR100ITA,EURA14,2017-01-12 11:59:00,0.00031,0.0136,0.00815,0.002261223864421323,0.011490768888739547,0.007767883199663573
MUR100ITA,EURA14,2017-01-13 11:59:00,0.00114,0.0131,0.01275,0.0030912238644213224,0.010990768888739549,0.012367883199663572
MUR100ITA,EURA14,2017-01-14 11:59:00,-0.00013,0.01355,0.01261,0.0018212238644213228,0.011440768888739548,0.012227883199663572
MUR100ITA,EURA14,2017-01-15 11:59:00,-0.0026,0.01224,0.01795,-0.0006487761355786772,0.010130768888739547,0.017567883199663573
MUR100ITA,EURA14,2017-01-16 11:59:00,0.0008,0.01341,0.01221,0.002751223864421323,0.011300768888739548,0.011827883199663573
MUR100ITA,EURA14,2017-01-17 11:59:00,-0.00186,0.01087,0.01276,9.122386442132258e-05,0.008760768888739548,0.012377883199663573
MUR100ITA,EURA14,2017-01-18 11:59:00,-0.00027,0.00794,0.00219,0.0016812238644213226,0.005830768888739547,0.0018078831996635731
MUR100ITA,EURA14,2017-01-19 11:59:00,0.0012,0.01474,0.00712,0.0031512238644213226,0.012630768888739548,0.006737883199663573
MUR100ITA,EURA14,2017-01-20 11:59:00,-0.0001,0.01468,0.00493,0.0018512238644213226,0.012570768888739548,0.004547883199663574
MUR100ITA,EURA14,2017-01-21 11:59:00,-0.00135,0.01392,0.01078,0.0006012238644213226,0.011810768888739548,0.010397883199663572
MUR100ITA,EURA14,2017-01-22 11:59:00,-0.00068,0.01369,0.00898,0.0012712238644213226,0.011580768888739549,0.008597883199663573
MUR100ITA,EURA14,2017-01-23 11:59:00,-0.00075,0.01412,0.00932,0.0012012238644213227,0.012010768888739549,0.008937883199663573
MUR100ITA,EURA14,2017-01-24 11:59:00,0.00062,0.01478,0.01123,0.002571223864421323,0.012670768888739548,0.010847883199663573
MUR100ITA,EURA14,2017-01-25 11:59:00,-9e-05,0.01398,0.00893,0.0018612238644213227,0.011870768888739548,0.008547883199663573
MUR100ITA,EURA14,2017-01-26 11:59:00,0.0005,0.01431,0.00551,0.0024512238644213225,0.012200768888739548,0.005127883199663574
MUR100ITA,EURA14,2017-01-27 11:59:00,0.00075,0.0142,0.00528,0.0027012238644213227,0.012090768888739549,0.0048978831996635734
MUR100ITA,EURA14,2017-01-28 11:59:00,-0.00019,0.01371,0.00598,0.0017612238644213226,0.011600768888739548,0.0055978831996635735
MUR100ITA,EURA14,2017-01-29 11:59:00,0.00045,0.01355,0.00836,0.002401223864421323,0.011440768888739548,0.007977883199663572
MUR100ITA,EURA14,2017-01-30 11:59:00,-0.00011,0.01391,0.00901,0.0018412238644213226,0.011800768888739549,0.008627883199663573
MUR100ITA,EURA14,2017-01-31 11:59:00,0.00022,0.01386,0.00548,0.0021712238644213226,0.011750768888739549,0.005097883199663573
MUR100ITA,EURA14,2017-02-01 11:59:00,0.00165,0.01369,0.0038,0.0036012238644213225,0.011580768888739549,0.003417883199663573
MUR100ITA,EURA14,2017-02-02 11:59:00,0.00038,0.01429,0.00617,0.0023312238644213226,0.012180768888739549,0.005787883199663574
MUR100ITA,EURA14,2017-02-03 11:59:00,0.00306,0.01495,0.00866,0.005011223864421322,0.012840768888739548,0.008277883199663572
MUR100ITA,EURA14,2017-02-04 11:59:00,0.00221,0.01389,0.01548,0.004161223864421323,0.011780768888739548,0.015097883199663573
MUR100ITA,EURA14,2017-02-05 11:59:00,0.00252,0.01397,0.01392,0.004471223864421323,0.011860768888739548,0.013537883199663573
MUR100ITA,EURA14,2017-02-06 11:59:00,-4e-05,0.0139,0.01064,0.0019112238644213226,0.011790768888739547,0.010257883199663573
MUR100ITA,EURA14,2017-02-07 11:59:00,-0.00023,0.01415,0.00772,0.0017212238644213227,0.012040768888739548,0.007337883199663574
MUR100ITA,EURA14,2017-02-08 11:59:00,0.00024,0.01461,0.00934,0.0021912238644213227,0.012500768888739548,0.008957883199663572
MUR100ITA,EURA14,2017-02-09 11:59:00,-0.00102,0.01418,0.00635,0.0009312238644213226,0.012070768888739548,0.005967883199663573
MUR100ITA,EURA14,2017-02-10 11:59:00,0.00096,0.01501,0.00449,0.002911223864421323,0.012900768888739549,0.0041078831996635735
MUR100ITA,EURA14,2017-02-11 11:59:00,0.00067,0.01449,0.00343,0.0026212238644213225,0.012380768888739548,0.003047883199663573
MUR100ITA,EURA14,2017-02-12 11:59:00,0.00051,0.01497,0.00027,0.002461223864421323,0.012860768888739549,-0.0001121168003364269
MUR100ITA,EURA14,2017-02-13 11:59:00,-0.00013,0.01469,0.00035,0.0018212238644213228,0.012580768888739548,-3.211680033642691e-05
MUR100ITA,EURA14,2017-02-14 11:59:00,-0.00048,0.01502,-8e-05,0.0014712238644213227,0.012910768888739549,-0.0004621168003364269
MUR100ITA,EURA14,2017-02-15 11:59:00,-0.00055,0.015,0.00304,0.0014012238644213228,0.012890768888739548,0.002657883199663573
MUR100ITA,EURA14,2017-02-16 11:59:00,-3e-05,0.01473,0.00074,0.0019212238644213226,0.012620768888739548,0.0003578831996635731
MUR100ITA,EURA14,2017-02-17 11:59:00,-0.00021,0.01442,0.00546,0.0017412238644213228,0.012310768888739549,0.005077883199663573
MUR100ITA,EURA14,2017-02-18 11:59:00,-0.00049,0.01255,0.00495,0.0014612238644213227,0.010440768888739549,0.004567883199663574
MUR100ITA,EURA14,2017-02-19 11:59:00,-0.00023,0.01474,0.00385,0.0017212238644213227,0.012630768888739548,0.003467883199663573
MUR100ITA,EURA14,2017-02-20 11:59:00,0.00056,0.01504,0.00417,0.0025112238644213226,0.012930768888739548,0.003787883199663573
MUR100ITA,EURA14,2017-02-21 11:59:00,0.00053,0.01461,0.00611,0.0024812238644213226,0.012500768888739548,0.0057278831996635735
MUR100ITA,EURA14,2017-02-22 11:59:00,0.00087,0.01374,0.00645,0.0028212238644213226,0.011630768888739549,0.0060678831996635735
MUR100ITA,EURA14,2017-02-23 11:59:00,0.00133,0.01402,0.00951,0.0032812238644213225,0.011910768888739548,0.009127883199663572
MUR100ITA,EURA14,2017-02-24 11:59:00,0.00353,0.01495,0.00979,0.005481223864421323,0.012840768888739548,0.009407883199663573
MUR100ITA,EURA14,2017-02-25 11:59:00,0.0005,0.01469,0.0057,0.0024512238644213225,0.012580768888739548,0.005317883199663574
MUR100ITA,EURA14,2017-02-26 11:59:00,-9e-05,0.01489,0.00634,0.0018612238644213227,0.012780768888739549,0.005957883199663574
MUR100ITA,EURA14,2017-02-27 11:59:00,0.0007,0.01422,0.00766,0.0026512238644213226,0.012110768888739548,0.007277883199663574
MUR100ITA,EURA14,2017-02-28 11:59:00,0.00208,0.01325,0.01219,0.004031223864421322,0.011140768888739548,0.011807883199663572
MUR100ITA,EURA14,2017-03-01 11:59:00,0.00075,0.01534,0.00815,0.0027012238644213227,0.013230768888739548,0.007767883199663573
MUR100ITA,EURA14,2017-03-02 11:59:00,-0.00023,0.01527,0.00594,0.0017212238644213227,0.013160768888739549,0.0055578831996635734
MUR100ITA,EURA14,2017-03-03 11:59:00,0.00079,0.01467,0.00802,0.002741223864421323,0.012560768888739549,0.007637883199663573
MUR100ITA,EURA14,2017-03-04 11:59:00,0.00273,0.01509,0.00659,0.004681223864421323,0.012980768888739547,0.006207883199663574
MUR100ITA,EURA14,2017-03-05 11:59:00,0.00144,0.01543,0.01173,0.003391223864421323,0.013320768888739547,0.011347883199663573
MUR100ITA,EURA14,2017-03-06 11:59:00,0.00301,0.01469,0.00956,0.0049612238644213226,0.012580768888739548,0.009177883199663573
MUR100ITA,EURA14,2017-03-07 11:59:00,-0.00095,0.01483,0.01288,0.0010012238644213226,0.012720768888739548,0.012497883199663573
MUR100ITA,EURA14,2017-03-08 11:59:00,-0.00048,0.01264,0.00601,0.0014712238644213227,0.010530768888739548,0.005627883199663573
MUR100ITA,EURA14,2017-03-09 11:59:00,0.0006,0.01509,0.00798,0.0025512238644213227,0.012980768888739547,0.007597883199663573
MUR100ITA,EURA14,2017-03-10 11:59:00,-0.00051,0.01456,0.01095,0.0014412238644213227,0.012450768888739548,0.010567883199663572
MUR100ITA,EURA14,2017-03-11 11:59:00,-0.00229,0.0142,0.01089,-0.00033877613557867724,0.012090768888739549,0.010507883199663573
MUR100ITA,EURA14,2017-03-12 11:59:00,-0.00048,0.01523,0.00795,0.0014712238644213227,0.013120768888739549,0.007567883199663574
MUR100ITA,EURA14,2017-03-13 11:59:00,-0.00069,0.01546,0.00475,0.0012612238644213228,0.013350768888739548,0.004367883199663573
MUR100ITA,EURA14,2017-03-14 11:59:00,-0.00016,0.0146,0.00576,0.0017912238644213227,0.012490768888739548,0.005377883199663574
MUR100ITA,EURA14,2017-03-15 11:59:00,-0.00083,0.01465,0.01191,0.0011212238644213227,0.012540768888739548,0.011527883199663573
MUR100ITA,EURA14,2017-03-16 11:59:00,-0.00103,0.01601,0.00648,0.0009212238644213226,0.013900768888739548,0.006097883199663573
MUR100ITA,EURA14,2017-03-17 11:59:00,-0.00126,0.01534,0.00693,0.0006912238644213226,0.013230768888739548,0.006547883199663574
MUR100ITA,EURA14,2017-03-18 11:59:00,-0.00055,0.01591,0.00758,0.0014012238644213228,0.013800768888739549,0.007197883199663573
MUR100ITA,EURA14,2017-03-19 11:59:00,-9e-05,0.0149,0.00923,0.0018612238644213227,0.012790768888739548,0.008847883199663573
MUR100ITA,EURA14,2017-03-20 11:59:00,-0.00046,0.01538,0.01436,0.0014912238644213226,0.013270768888739548,0.013977883199663572
MUR100ITA,EURA14,2017-03-21 11:59:00,-0.00069,0.01541,0.00963,0.0012612238644213228,0.013300768888739548,0.009247883199663572
MUR100ITA,EURA14,2017-03-22 11:59:00,-0.00052,0.01617,0.00608,0.0014312238644213228,0.014060768888739548,0.005697883199663574
MUR100ITA,EURA14,2017-03-23 11:59:00,-0.00014,0.01672,0.00579,0.0018112238644213228,0.014610768888739547,0.0054078831996635735
MUR100ITA,EURA14,2017-03-24 11:59:00,-0.00038,0.01604,0.00997,0.0015712238644213228,0.013930768888739547,0.009587883199663572
MUR100ITA,EURA14,2017-03-25 11:59:00,-0.00049,0.01593,0.00771,0.0014612238644213227,0.013820768888739548,0.007327883199663573
MUR100ITA,EURA14,2017-03-26 11:59:00,0.00119,0.01601,0.00912,0.003141223864421323,0.013900768888739548,0.008737883199663572
MUR100ITA,EURA14,2017-03-27 11:59:00,-0.00332,0.01537,0.00916,-0.0013687761355786773,0.013260768888739548,0.008777883199663572
MUR100ITA,EURA14,2017-03-28 11:59:00,-0.00141,0.01555,0.00779,0.0005412238644213227,0.013440768888739548,0.0074078831996635735
MUR100ITA,EURA14,2017-03-29 11:59:00,-0.00102,0.01567,0.00835,0.0009312238644213226,0.013560768888739548,0.007967883199663572
MUR100ITA,EURA14,2017-03-30 11:59:00,-0.0015,0.01558,0.01022,0.00045122386442132266,0.013470768888739548,0.009837883199663573
MUR100ITA,EURA14,2017-03-31 11:59:00,-0.00028,0.01576,0.00901,0.0016712238644213226,0.013650768888739548,0.008627883199663573
MUR100ITA,EURA14,2017-04-01 11:59:00,-0.00049,0.01632,0.013,0.0014612238644213227,0.01421076888873955,0.012617883199663572
MUR100ITA,EURA14,2017-04-02 11:59:00,-0.00048,0.01514,0.00763,0.0014712238644213227,0.013030768888739549,0.007247883199663573
MUR100ITA,EURA14,2017-04-03 11:59:00,-0.0012,0.01562,0.01356,0.0007512238644213228,0.013510768888739548,0.013177883199663572
MUR100ITA,EURA14,2017-04-04 11:59:00,-0.00018,0.01585,0.0165,0.0017712238644213227,0.013740768888739548,0.016117883199663573
MUR100ITA,EURA14,2017-04-05 11:59:00,0.00055,0.01499,0.0116,0.0025012238644213226,0.012880768888739548,0.011217883199663572
MUR100ITA,EURA14,2017-04-06 11:59:00,-0.00016,0.01591,0.01052,0.0017912238644213227,0.013800768888739549,0.010137883199663572
MUR100ITA,EURA14,2017-04-07 11:59:00,0.00098,0.01633,0.01125,0.002931223864421323,0.014220768888739549,0.010867883199663572
MUR100ITA,EURA14,2017-04-08 11:59:00,0.00083,0.01649,0.01184,0.002781223864421323,0.01438076888873955,0.011457883199663572
MUR100ITA,EURA14,2017-04-09 11:59:00,0.00111,0.01709,0.00657,0.003061223864421323,0.01498076888873955,0.006187883199663574
MUR100ITA,EURA14,2017-04-10 11:59:00,-0.00055,0.01584,0.01001,0.0014012238644213228,0.013730768888739548,0.009627883199663572
MUR100ITA,EURA14,2017-04-11 11:59:00,0.00014,0.01616,0.01454,0.002091223864421323,0.014050768888739549,0.014157883199663573
MUR100ITA,EURA14,2017-04-12 11:59:00,0.00093,0.01751,0.01285,0.0028812238644213227,0.01540076888873955,0.012467883199663573
MUR100ITA,EURA14,2017-04-13 11:59:00,0.0005,0.01671,0.01034,0.0024512238644213225,0.014600768888739547,0.009957883199663573
MUR100ITA,EURA14,2017-04-14 11:59:00,0.00092,0.01546,0.0135,0.0028712238644213227,0.013350768888739548,0.013117883199663572
MUR100ITA,EURA14,2017-04-15 11:59:00,0.00118,0.01624,0.00427,0.0031312238644213225,0.014130768888739549,0.0038878831996635734
MUR100ITA,EURA14,2017-04-16 11:59:00,0.00074,0.01631,0.00919,0.0026912238644213227,0.01420076888873955,0.008807883199663573
MUR100ITA,EURA14,2017-04-17 11:59:00,0.00115,0.01615,0.01034,0.003101223864421323,0.01404076888873955,0.009957883199663573
MUR100ITA,EURA14,2017-04-18 11:59:00,0.00183,0.01547,0.0143,0.003781223864421323,0.013360768888739548,0.013917883199663573
MUR100ITA,EURA14,2017-04-19 11:59:00,-0.00084,0.01629,0.00944,0.0011112238644213227,0.014180768888739547,0.009057883199663573
MUR100ITA,EURA14,2017-04-20 11:59:00,0.00087,0.01684,0.00972,0.0028212238644213226,0.014730768888739549,0.009337883199663572
MUR100ITA,EURA14,2017-04-21 11:59:00,0.00148,0.01575,0.0063,0.0034312238644213225,0.013640768888739548,0.0059178831996635735
MUR100ITA,EURA14,2017-04-22 11:59:00,0.00189,0.01582,0.00861,0.0038412238644213227,0.013710768888739549,0.008227883199663572
MUR100ITA,EURA14,2017-04-23 11:59:00,0.00131,0.0162,0.01114,0.0032612238644213224,0.014090768888739547,0.010757883199663573
MUR100ITA,EURA14,2017-04-24 11:59:00,0.00149,0.0164,0.01063,0.003441223864421323,0.01429076888873955,0.010247883199663573
MUR100ITA,EURA14,2017-04-25 11:59:00,-8e-05,0.0155,0.01023,0.0018712238644213227,0.013390768888739548,0.009847883199663572
MUR100ITA,EURA14,2017-04-26 11:59:00,0.0038,0.01705,0.01598,0.0057512238644213225,0.014940768888739547,0.015597883199663574
MUR100ITA,EURA14,2017-04-27 11:59:00,0.0055,0.01754,0.0162,0.007451223864421323,0.015430768888739548,0.01581788319966357
MUR100ITA,EURA14,2017-04-28 11:59:00,0.00118,0.01708,0.01638,0.0031312238644213225,0.01497076888873955,0.01599788319966357
MUR100ITA,EURA14,2017-04-29 11:59:00,0.00073,0.01663,0.01225,0.0026812238644213227,0.014520768888739547,0.011867883199663573
MUR100ITA,EURA14,2017-04-30 11:59:00,0.00121,0.01686,0.01459,0.0031612238644213226,0.014750768888739548,0.014207883199663573
MUR100ITA,EURA14,2017-05-01 11:59:00,0.00132,0.01648,0.0128,0.003271223864421323,0.01437076888873955,0.012417883199663573
MUR100ITA,EURA14,2017-05-02 11:59:00,0.00088,0.01817,0.01016,0.0028312238644213226,0.016060768888739547,0.009777883199663573
MUR100ITA,EURA14,2017-05-03 11:59:00,0.00101,0.01635,0.01288,0.0029612238644213225,0.014240768888739548,0.012497883199663573
MUR100ITA,EURA14,2017-05-04 11:59:00,0.00164,0.01775,0.01625,0.003591223864421323,0.015640768888739547,0.015867883199663573
MUR100ITA,EURA14,2017-05-05 11:59:00,0.0018,0.01654,0.01432,0.0037512238644213224,0.014430768888739547,0.013937883199663572
MUR100ITA,EURA14,2017-05-06 11:59:00,0.0026,0.01471,0.00909,0.004551223864421323,0.012600768888739549,0.008707883199663573
MUR100ITA,EURA14,2017-05-07 11:59:00,0.00119,0.01654,0.01482,0.003141223864421323,0.014430768888739547,0.014437883199663572
MUR100ITA,EURA14,2017-05-08 11:59:00,0.00103,0.01702,0.00931,0.0029812238644213226,0.014910768888739549,0.008927883199663573
MUR100ITA,EURA14,2017-05-09 11:59:00,0.00123,0.01583,0.01058,0.0031812238644213227,0.013720768888739548,0.010197883199663573
MUR100ITA,EURA14,2017-05-10 11:59:00,0.00166,0.01656,0.00907,0.003611223864421323,0.014450768888739546,0.008687883199663573
MUR100ITA,EURA14,2017-05-11 11:59:00,0.00203,0.01661,0.01608,0.003981223864421323,0.014500768888739548,0.015697883199663573
MUR100ITA,EURA14,2017-05-12 11:59:00,0.00233,0.01586,0.01371,0.0042812238644213225,0.013750768888739547,0.013327883199663573
MUR100ITA,EURA14,2017-05-13 11:59:00,0.00078,0.01644,0.00947,0.002731223864421323,0.014330768888739548,0.009087883199663572
MUR100ITA,EURA14,2017-05-14 11:59:00,0.00038,0.01746,0.0061,0.0023312238644213226,0.015350768888739548,0.005717883199663574
MUR100ITA,EURA14,2017-05-15 11:59:00,-0.0001,0.01585,0.00397,0.0018512238644213226,0.013740768888739548,0.0035878831996635726
MUR100ITA,EURA14,2017-05-16 11:59:00,0.00024,0.01815,0.0103,0.0021912238644213227,0.016040768888739548,0.009917883199663573
MUR100ITA,EURA14,2017-05-17 11:59:00,0.00029,0.01714,0.0045,0.002241223864421323,0.015030768888739547,0.004117883199663573
MUR100ITA,EURA14,2017-05-18 11:59:00,0.00094,0.01704,0.00772,0.0028912238644213228,0.014930768888739548,0.007337883199663574
MUR100ITA,EURA14,2017-05-19 11:59:00,-1e-05,0.01697,0.00504,0.0019412238644213227,0.014860768888739547,0.004657883199663574
MUR100ITA,EURA14,2017-05-20 11:59:00,0.00305,0.01753,0.00933,0.005001223864421323,0.015420768888739549,0.008947883199663572
MUR100ITA,EURA14,2017-05-21 11:59:00,0.00071,0.01755,0.0053,0.0026612238644213226,0.015440768888739548,0.0049178831996635735
MUR100ITA,EURA14,2017-05-22 11:59:00,0.00064,0.018,0.0109,0.002591223864421323,0.015890768888739547,0.010517883199663573
MUR100ITA,EURA14,2017-05-23 11:59:00,0.00075,0.01747,0.00721,0.0027012238644213227,0.015360768888739548,0.006827883199663574
MUR100ITA,EURA14,2017-05-24 11:59:00,0.00037,0.01646,0.01115,0.0023212238644213226,0.014350768888739547,0.010767883199663573
MUR100ITA,EURA14,2017-05-25 11:59:00,-0.00045,0.01798,0.00897,0.0015012238644213226,0.015870768888739548,0.008587883199663573
MUR100ITA,EURA14,2017-05-26 11:59:00,0.00067,0.01835,0.00825,0.0026212238644213225,0.01624076888873955,0.007867883199663573
MUR100ITA,EURA14,2017-05-27 11:59:00,-0.00109,0.01773,0.01133,0.0008612238644213227,0.015620768888739547,0.010947883199663572
MUR100ITA,EURA14,2017-05-28 11:59:00,-0.00171,0.01655,0.00301,0.00024122386442132276,0.014440768888739547,0.002627883199663573
MUR100ITA,EURA14,2017-05-29 11:59:00,-0.00025,0.01661,0.01081,0.0017012238644213227,0.014500768888739548,0.010427883199663573
MUR100ITA,EURA14,2017-05-30 11:59:00,-0.00059,0.01741,0.00797,0.0013612238644213227,0.015300768888739547,0.007587883199663573
MUR100ITA,EURA14,2017-05-31 11:59:00,-0.00092,0.01789,0.00737,0.0010312238644213227,0.015780768888739548,0.006987883199663573
MUR100ITA,EURA14,2017-06-01 11:59:00,0.00012,0.01658,0.00978,0.002071223864421323,0.01447076888873955,0.009397883199663573
MUR100ITA,EURA14,2017-06-02 11:59:00,-9e-05,0.01824,0.00576,0.0018612238644213227,0.016130768888739547,0.005377883199663574
MUR100ITA,EURA14,2017-06-03 11:59:00,-6e-05,0.01634,0.00845,0.0018912238644213228,0.014230768888739549,0.008067883199663572
MUR100ITA,EURA14,2017-06-04 11:59:00,-0.00073,0.0156,0.01056,0.0012212238644213227,0.013490768888739547,0.010177883199663573
MUR100ITA,EURA14,2017-06-05 11:59:00,-0.00139,0.0186,0.00267,0.0005612238644213227,0.016490768888739547,0.002287883199663573
MUR100ITA,EURA14,2017-06-06 11:59:00,0.00073,0.01605,0.01255,0.0026812238644213227,0.013940768888739546,0.012167883199663573
MUR100ITA,EURA14,2017-06-07 11:59:00,-0.00127,0.01736,0.01198,0.0006812238644213226,0.015250768888739549,0.011597883199663572
MUR100ITA,EURA14,2017-06-08 11:59:00,-0.00179,0.01825,0.00291,0.00016122386442132277,0.016140768888739547,0.002527883199663573
MUR100ITA,EURA14,2017-06-09 11:59:00,-0.00115,0.01737,0.00681,0.0008012238644213227,0.015260768888739548,0.0064278831996635736
MUR100ITA,EURA14,2017-06-10 11:59:00,-0.00035,0.01653,0.00184,0.0016012238644213226,0.014420768888739548,0.001457883199663573
MUR100ITA,EURA14,2017-06-11 11:59:00,-0.00154,0.01767,0.01268,0.0004112238644213228,0.01556076888873955,0.012297883199663573
MUR100ITA,EURA14,2017-06-12 11:59:00,-0.00224,0.01681,0.00964,-0.0002887761355786771,0.014700768888739547,0.009257883199663572
MUR100ITA,EURA14,2017-06-13 11:59:00,-0.00175,0.01738,0.0042,0.00020122386442132266,0.015270768888739548,0.0038178831996635728
MUR100ITA,EURA14,2017-06-14 11:59:00,-0.00221,0.01598,0.01104,-0.00025877613557867747,0.01387076888873955,0.010657883199663572
MUR100ITA,EURA14,2017-06-15 11:59:00,-0.00159,0.01756,0.00719,0.00036122386442132264,0.015450768888739547,0.006807883199663574
MUR100ITA,EURA14,2017-06-16 11:59:00,-0.004,0.01839,0.00603,-0.002048776135578677,0.016280768888739548,0.005647883199663573
MUR100ITA,EURA14,2017-06-17 11:59:00,-0.00492,0.01631,0.01048,-0.002968776135578677,0.01420076888873955,0.010097883199663572
MUR100ITA,EURA14,2017-06-18 11:59:00,-0.00507,0.01752,0.00939,-0.003118776135578677,0.015410768888739549,0.009007883199663573
MUR100ITA,EURA14,2017-06-19 11:59:00,-0.00466,0.01624,0.00937,-0.002708776135578677,0.014130768888739549,0.008987883199663572
MUR100ITA,EURA14,2017-06-20 11:59:00,-0.00403,0.01581,0.00949,-0.002078776135578677,0.01370076888873955,0.009107883199663573
MUR100ITA,EURA14,2017-06-21 11:59:00,-0.00419,0.01582,0.00859,-0.0022387761355786772,0.013710768888739549,0.008207883199663573
MUR100ITA,EURA14,2017-06-22 11:59:00,-0.00507,0.01557,0.00898,-0.003118776135578677,0.013460768888739549,0.008597883199663573
MUR100ITA,EURA14,2017-06-23 11:59:00,-0.00554,0.01528,0.00727,-0.003588776135578677,0.013170768888739548,0.006887883199663574
MUR100ITA,EURA14,2017-06-24 11:59:00,-0.00291,0.01629,0.00589,-0.0009587761355786771,0.014180768888739547,0.005507883199663574
MUR100ITA,EURA14,2017-06-25 11:59:00,-0.00689,0.01475,0.0047,-0.004938776135578677,0.012640768888739547,0.004317883199663574
MUR100ITA,EURA14,2017-06-26 11:59:00,-0.00528,0.01642,0.01429,-0.003328776135578677,0.014310768888739549,0.013907883199663573
MUR100ITA,EURA14,2017-06-27 11:59:00,-0.00561,0.01616,0.01313,-0.0036587761355786775,0.014050768888739549,0.012747883199663572
MUR100ITA,EURA14,2017-06-28 11:59:00,-0.00292,0.01684,0.01931,-0.0009687761355786772,0.014730768888739549,0.018927883199663573
MUR100ITA,EURA14,2017-06-29 11:59:00,-0.0034449999999999997,0.015675,0.015995000000000002,-0.001493776135578677,0.01356576888873955,0.015612883199663575
MUR100ITA,EURA14,2017-06-30 11:59:00,-0.00397,0.01451,0.01268,-0.0020187761355786767,0.012400768888739548,0.012297883199663573
MUR100ITA,EURA14,2017-07-01 11:59:00,-0.00451,0.0131,0.01331,-0.002558776135578677,0.010990768888739549,0.012927883199663573
MUR100ITA,EURA14,2017-07-02 11:59:00,-0.00656,0.01259,0.01116,-0.004608776135578677,0.010480768888739549,0.010777883199663572
MUR100ITA,EURA14,2017-07-03 11:59:00,-0.00466,0.015,0.01146,-0.002708776135578677,0.012890768888739548,0.011077883199663572
MUR100ITA,EURA14,2017-07-04 11:59:00,-0.00451,0.01403,0.01618,-0.002558776135578677,0.011920768888739549,0.015797883199663573
MUR100ITA,EURA14,2017-07-05 11:59:00,-0.00489,0.01534,0.01005,-0.0029387761355786773,0.013230768888739548,0.009667883199663573
MUR100ITA,EURA14,2017-07-06 11:59:00,-0.0043,0.01377,0.00995,-0.002348776135578677,0.011660768888739547,0.009567883199663573
MUR100ITA,EURA14,2017-07-07 11:59:00,-0.00579,0.01412,0.01526,-0.003838776135578677,0.012010768888739549,0.014877883199663572
MUR100ITA,EURA14,2017-07-08 11:59:00,-0.00607,0.01489,0.01152,-0.004118776135578677,0.012780768888739549,0.011137883199663573
MUR100ITA,EURA14,2017-07-09 11:59:00,-0.00572,0.01465,0.01054,-0.0037687761355786773,0.012540768888739548,0.010157883199663573
MUR100ITA,EURA14,2017-07-10 11:59:00,-0.00372,0.01469,0.01092,-0.0017687761355786775,0.012580768888739548,0.010537883199663572
MUR100ITA,EURA14,2017-07-11 11:59:00,-0.00783,0.01244,0.00518,-0.005878776135578677,0.010330768888739548,0.004797883199663573
MUR100ITA,EURA14,2017-07-12 11:59:00,-0.00553,0.01483,0.01167,-0.0035787761355786773,0.012720768888739548,0.011287883199663572
MUR100ITA,EURA14,2017-07-13 11:59:00,-0.00699,0.0115,0.01524,-0.005038776135578677,0.009390768888739548,0.014857883199663573
MUR100ITA,EURA14,2017-07-14 11:59:00,-0.00874,0.01235,0.01768,-0.006788776135578677,0.010240768888739548,0.017297883199663574
MUR100ITA,EURA14,2017-07-15 11:59:00,-0.00849,0.014,0.00854,-0.006538776135578676,0.011890768888739548,0.008157883199663573
MUR100ITA,EURA14,2017-07-16 11:59:00,-0.00477,0.0135,0.01326,-0.002818776135578677,0.011390768888739548,0.012877883199663572
MUR100ITA,EURA14,2017-07-17 11:59:00,-0.00655,0.0128,0.01644,-0.004598776135578677,0.010690768888739549,0.016057883199663572
MUR100ITA,EURA14,2017-07-18 11:59:00,-0.00852,0.01391,0.01283,-0.006568776135578677,0.011800768888739549,0.012447883199663572
MUR100ITA,EURA14,2017-07-19 11:59:00,-0.00679,0.01273,0.01346,-0.004838776135578677,0.010620768888739548,0.013077883199663572
MUR100ITA,EURA14,2017-07-20 11:59:00,-0.00765,0.01389,0.01293,-0.005698776135578677,0.011780768888739548,0.012547883199663573
MUR100ITA,EURA14,2017-07-21 11:59:00,-0.01075,0.01095,0.00988,-0.008798776135578676,0.008840768888739548,0.009497883199663573
MUR100ITA,EURA14,2017-07-22 11:59:00,-0.00718,0.01198,0.00915,-0.005228776135578677,0.009870768888739547,0.008767883199663573
MUR100ITA,EURA14,2017-07-23 11:59:00,-0.00835,0.01302,0.01227,-0.006398776135578677,0.010910768888739548,0.011887883199663572
MUR100ITA,EURA14,2017-07-24 11:59:00,-0.01001,0.01184,0.01399,-0.008058776135578677,0.009730768888739548,0.013607883199663573
MUR100ITA,EURA14,2017-07-25 11:59:00,-0.01002,0.01487,0.01538,-0.008068776135578676,0.012760768888739548,0.014997883199663572
MUR100ITA,EURA14,2017-07-26 11:59:00,-0.01049,0.01039,0.00997,-0.008538776135578676,0.008280768888739548,0.009587883199663572
MUR100ITA,EURA14,2017-07-27 11:59:00,-0.00928,0.01105,0.01838,-0.007328776135578677,0.008940768888739549,0.017997883199663573
MUR100ITA,EURA14,2017-07-28 11:59:00,-0.00845,0.01136,0.00992,-0.006498776135578676,0.009250768888739548,0.009537883199663573
MUR100ITA,EURA14,2017-07-29 11:59:00,-0.00929,0.01086,0.01294,-0.007338776135578677,0.008750768888739548,0.012557883199663573
MUR100ITA,EURA14,2017-07-30 11:59:00,-0.00839,0.01065,0.01619,-0.006438776135578677,0.008540768888739548,0.015807883199663572
MUR100ITA,EURA14,2017-07-31 11:59:00,-0.01168,0.01027,0.01666,-0.009728776135578677,0.008160768888739548,0.016277883199663574
MUR100ITA,EURA14,2017-08-01 11:59:00,-0.00785,0.00833,0.0203,-0.005898776135578676,0.006220768888739549,0.01991788319966357
MUR100ITA,EURA14,2017-08-02 11:59:00,-0.00965,0.01193,0.01178,-0.007698776135578678,0.009820768888739548,0.011397883199663573
MUR100ITA,EURA14,2017-08-03 11:59:00,-0.009315,0.01155,0.012635,-0.0073637761355786775,0.009440768888739548,0.012252883199663573
MUR100ITA,EURA14,2017-08-04 11:59:00,-0.00898,0.01117,0.01349,-0.007028776135578677,0.009060768888739548,0.013107883199663573
MUR100ITA,EURA14,2017-08-05 11:59:00,-0.00959,0.01172,0.01036,-0.007638776135578677,0.009610768888739548,0.009977883199663572
MUR100ITA,EURA14,2017-08-06 11:59:00,-0.00872,0.01355,0.01064,-0.006768776135578677,0.011440768888739548,0.010257883199663573
MUR100ITA,EURA14,2017-08-07 11:59:00,-0.0115,0.01083,0.01639,-0.009548776135578677,0.008720768888739548,0.01600788319966357
MUR100ITA,EURA14,2017-08-08 11:59:00,-0.00983,0.0123,0.01514,-0.007878776135578677,0.010190768888739548,0.014757883199663573
MUR100ITA,EURA14,2017-08-09 11:59:00,-0.00602,0.01231,0.00945,-0.004068776135578677,0.010200768888739548,0.009067883199663573
MUR100ITA,EURA14,2017-08-10 11:59:00,-0.00864,0.01022,0.01257,-0.006688776135578677,0.008110768888739548,0.012187883199663572
MUR100ITA,EURA14,2017-08-11 11:59:00,-0.00899,0.01131,0.01065,-0.007038776135578677,0.009200768888739549,0.010267883199663572
MUR100ITA,EURA14,2017-08-12 11:59:00,-0.00719,0.00954,0.01606,-0.005238776135578677,0.007430768888739548,0.015677883199663574
MUR100ITA,EURA14,2017-08-13 11:59:00,-0.01156,0.01185,0.01275,-0.009608776135578678,0.009740768888739548,0.012367883199663572
MUR100ITA,EURA14,2017-08-14 11:59:00,-0.01143,0.01049,0.00636,-0.009478776135578676,0.008380768888739547,0.005977883199663574
MUR100ITA,EURA14,2017-08-15 11:59:00,-0.00985,0.01033,0.01363,-0.007898776135578676,0.008220768888739549,0.013247883199663572
MUR100ITA,EURA14,2017-08-16 11:59:00,-0.01111,0.00948,0.0154,-0.009158776135578677,0.007370768888739549,0.015017883199663573
MUR100ITA,EURA14,2017-08-17 11:59:00,-0.00957,0.01083,0.0109,-0.0076187761355786775,0.008720768888739548,0.010517883199663573
MUR100ITA,EURA14,2017-08-18 11:59:00,-0.00958,0.01009,0.00575,-0.007628776135578677,0.007980768888739548,0.005367883199663573
MUR100ITA,EURA14,2017-08-19 11:59:00,-0.01183,0.01239,0.00085,-0.009878776135578677,0.010280768888739548,0.00046788319966357305
MUR100ITA,EURA14,2017-08-20 11:59:00,-0.00956,0.01054,0.00539,-0.007608776135578678,0.008430768888739549,0.005007883199663573
MUR100ITA,EURA14,2017-08-21 11:59:00,-0.01069,0.00816,0.01372,-0.008738776135578677,0.006050768888739549,0.013337883199663572
MUR100ITA,EURA14,2017-08-22 11:59:00,-0.01068,0.00937,0.0092,-0.008728776135578677,0.007260768888739548,0.008817883199663572
MUR100ITA,EURA14,2017-08-23 11:59:00,-0.01123,0.00932,0.01251,-0.009278776135578677,0.007210768888739548,0.012127883199663573
MUR100ITA,EURA14,2017-08-24 11:59:00,-0.01084,0.00933,0.01218,-0.008888776135578678,0.007220768888739548,0.011797883199663572
MUR100ITA,EURA14,2017-08-25 11:59:00,-0.01103,0.00962,0.00845,-0.009078776135578677,0.007510768888739548,0.008067883199663572
MUR100ITA,EURA14,2017-08-26 11:59:00,-0.01118,0.0087,0.01402,-0.009228776135578678,0.0065907688887395476,0.013637883199663572
MUR100ITA,EURA14,2017-08-27 11:59:00,-0.01134,0.00743,0.01914,-0.009388776135578676,0.005320768888739549,0.018757883199663573
MUR100ITA,EURA14,2017-08-28 11:59:00,-0.01185,0.00921,0.01355,-0.009898776135578677,0.007100768888739548,0.013167883199663572
MUR100ITA,EURA14,2017-08-29 11:59:00,-0.01158,0.00956,0.01438,-0.009628776135578677,0.007450768888739549,0.013997883199663573
MUR100ITA,EURA14,2017-08-30 11:59:00,-0.01016,0.00933,0.01005,-0.008208776135578678,0.007220768888739548,0.009667883199663573
MUR100ITA,EURA14,2017-08-31 11:59:00,-0.01216,0.00737,0.01177,-0.010208776135578678,0.005260768888739548,0.011387883199663572
MUR100ITA,EURA14,2017-09-01 11:59:00,-0.01375,0.00989,0.00766,-0.011798776135578677,0.007780768888739548,0.007277883199663574
MUR100ITA,EURA14,2017-09-02 11:59:00,-0.01104,0.00706,0.01801,-0.009088776135578677,0.0049507688887395485,0.017627883199663574
MUR100ITA,EURA14,2017-09-03 11:59:00,-0.01026,0.00908,0.01361,-0.008308776135578677,0.006970768888739548,0.013227883199663573
MUR100ITA,EURA14,2017-09-04 11:59:00,-0.01057,0.00999,0.01606,-0.008618776135578677,0.007880768888739549,0.015677883199663574
MUR100ITA,EURA14,2017-09-05 11:59:00,-0.01118,0.00841,0.00902,-0.009228776135578678,0.006300768888739549,0.008637883199663573
MUR100ITA,EURA14,2017-09-06 11:59:00,-0.01013,0.00843,0.01636,-0.008178776135578677,0.006320768888739548,0.015977883199663572
MUR100ITA,EURA14,2017-09-07 11:59:00,-0.01026,0.00967,0.0143,-0.008308776135578677,0.007560768888739548,0.013917883199663573
MUR100ITA,EURA14,2017-09-08 11:59:00,-0.01103,0.00877,0.01478,-0.009078776135578677,0.006660768888739548,0.014397883199663572
MUR100ITA,EURA14,2017-09-09 11:59:00,-0.01122,0.00829,0.0181,-0.009268776135578678,0.006180768888739549,0.017717883199663574
MUR100ITA,EURA14,2017-09-10 11:59:00,-0.01129,0.00855,0.0174,-0.009338776135578677,0.0064407688887395485,0.01701788319966357
MUR100ITA,EURA14,2017-09-11 11:59:00,-0.00903,0.00944,0.01409,-0.007078776135578677,0.007330768888739549,0.013707883199663573
MUR100ITA,EURA14,2017-09-12 11:59:00,-0.006,0.00839,0.01254,-0.004048776135578677,0.006280768888739548,0.012157883199663573
MUR100ITA,EURA14,2017-09-13 11:59:00,-0.00792,0.00952,0.00834,-0.005968776135578677,0.007410768888739549,0.007957883199663573
MUR100ITA,EURA14,2017-09-14 11:59:00,-0.00976,0.01043,0.00977,-0.007808776135578677,0.008320768888739548,0.009387883199663572
MUR100ITA,EURA14,2017-09-15 11:59:00,-0.00775,0.00975,0.01401,-0.005798776135578677,0.007640768888739548,0.013627883199663572
MUR100ITA,EURA14,2017-09-16 11:59:00,-0.00593,0.01219,0.01303,-0.0039787761355786775,0.010080768888739548,0.012647883199663573
MUR100ITA,EURA14,2017-09-17 11:59:00,-0.00662,0.01129,0.01169,-0.004668776135578677,0.009180768888739548,0.011307883199663573
MUR100ITA,EURA14,2017-09-18 11:59:00,-0.00779,0.01053,0.01295,-0.005838776135578677,0.008420768888739548,0.012567883199663572
MUR100ITA,EURA14,2017-09-19 11:59:00,-0.007,0.0104,0.01629,-0.005048776135578677,0.008290768888739548,0.01590788319966357
MUR100ITA,EURA14,2017-09-20 11:59:00,-0.00644,0.01009,0.00942,-0.0044887761355786775,0.007980768888739548,0.009037883199663572
MUR100ITA,EURA14,2017-09-21 11:59:00,-0.00676,0.01191,0.01142,-0.0048087761355786775,0.009800768888739549,0.011037883199663572
MUR100ITA,EURA14,2017-09-22 11:59:00,-0.00655,0.01143,0.01092,-0.004598776135578677,0.009320768888739547,0.010537883199663572
MUR100ITA,EURA14,2017-09-23 11:59:00,-0.00553,0.01191,0.00988,-0.0035787761355786773,0.009800768888739549,0.009497883199663573
MUR100ITA,EURA14,2017-09-24 11:59:00,-0.00646,0.01136,0.01266,-0.004508776135578677,0.009250768888739548,0.012277883199663572
MUR100ITA,EURA14,2017-09-25 11:59:00,-0.00597,0.01186,0.01296,-0.004018776135578677,0.009750768888739549,0.012577883199663572
MUR100ITA,EURA14,2017-09-26 11:59:00,-0.00543,0.01216,0.00683,-0.003478776135578677,0.010050768888739549,0.006447883199663574
MUR100ITA,EURA14,2017-09-27 11:59:00,-0.006,0.0127,0.00631,-0.004048776135578677,0.010590768888739548,0.005927883199663573
MUR100ITA,EURA14,2017-09-28 11:59:00,-0.00444,0.01269,0.00495,-0.0024887761355786775,0.010580768888739548,0.004567883199663574
MUR100ITA,EURA14,2017-09-29 11:59:00,-0.00464,0.01289,0.00681,-0.002688776135578677,0.010780768888739549,0.0064278831996635736
MUR100ITA,EURA14,2017-09-30 11:59:00,-0.00566,0.01151,0.01013,-0.003708776135578677,0.009400768888739548,0.009747883199663573
MUR100ITA,EURA14,2017-10-01 11:59:00,-0.00502,0.0113,0.01156,-0.0030687761355786772,0.009190768888739547,0.011177883199663573
MUR100ITA,EURA14,2017-10-02 11:59:00,-0.00524,0.01158,0.00873,-0.003288776135578677,0.009470768888739548,0.008347883199663573
MUR100ITA,EURA14,2017-10-03 11:59:00,-0.00609,0.01294,0.00812,-0.004138776135578677,0.010830768888739548,0.007737883199663574
MUR100ITA,EURA14,2017-10-04 11:59:00,-0.00493,0.01278,0.01035,-0.0029787761355786774,0.010670768888739548,0.009967883199663572
MUR100ITA,EURA14,2017-10-05 11:59:00,-0.00381,0.01084,0.00998,-0.0018587761355786773,0.008730768888739549,0.009597883199663572
MUR100ITA,EURA14,2017-10-06 11:59:00,-0.00596,0.01327,0.01456,-0.004008776135578677,0.011160768888739549,0.014177883199663573
MUR100ITA,EURA14,2017-10-07 11:59:00,-0.00575,0.01137,0.01627,-0.003798776135578677,0.009260768888739548,0.015887883199663572
MUR100ITA,EURA14,2017-10-08 11:59:00,-0.00423,0.0122,0.01336,-0.0022787761355786773,0.010090768888739549,0.012977883199663573
MUR100ITA,EURA14,2017-10-09 11:59:00,-0.00521,0.01155,0.01121,-0.0032587761355786773,0.009440768888739548,0.010827883199663572
MUR100ITA,EURA14,2017-10-10 11:59:00,-0.00623,0.01211,0.01789,-0.004278776135578677,0.010000768888739547,0.017507883199663572
MUR100ITA,EURA14,2017-10-11 11:59:00,-0.00471,0.01277,0.01008,-0.002758776135578677,0.010660768888739548,0.009697883199663573
MUR100ITA,EURA14,2017-10-12 11:59:00,-0.00454,0.01195,0.00882,-0.002588776135578677,0.009840768888739549,0.008437883199663572
MUR100ITA,EURA14,2017-10-13 11:59:00,-0.0049,0.01286,0.00666,-0.002948776135578677,0.010750768888739548,0.006277883199663574
MUR100ITA,EURA14,2017-10-14 11:59:00,-0.00495,0.01329,0.00691,-0.0029987761355786775,0.011180768888739548,0.006527883199663574
MUR100ITA,EURA14,2017-10-15 11:59:00,-0.0037,0.01386,0.0064,-0.0017487761355786775,0.011750768888739549,0.006017883199663574
MUR100ITA,EURA14,2017-10-16 11:59:00,-0.00462,0.01153,0.00529,-0.002668776135578677,0.009420768888739548,0.004907883199663574
MUR100ITA,EURA14,2017-10-17 11:59:00,-0.00363,0.01257,0.00899,-0.0016787761355786773,0.010460768888739548,0.008607883199663572
MUR100ITA,EURA14,2017-10-18 11:59:00,-0.00375,0.01219,0.00761,-0.0017987761355786772,0.010080768888739548,0.007227883199663573
MUR100ITA,EURA14,2017-10-19 11:59:00,-0.00446,0.0119,0.00909,-0.0025087761355786775,0.009790768888739549,0.008707883199663573
MUR100ITA,EURA14,2017-10-20 11:59:00,-0.0047,0.01205,0.01251,-0.0027487761355786773,0.009940768888739548,0.012127883199663573
MUR100ITA,EURA14,2017-10-21 11:59:00,-0.00457,0.01209,0.01043,-0.0026187761355786774,0.009980768888739548,0.010047883199663573
MUR100ITA,EURA14,2017-10-22 11:59:00,-0.00512,0.01113,0.01061,-0.0031687761355786775,0.009020768888739547,0.010227883199663572
MUR100ITA,EURA14,2017-10-23 11:59:00,-0.0047,0.0114,0.01257,-0.0027487761355786773,0.009290768888739549,0.012187883199663572
MUR100ITA,EURA14,2017-10-24 11:59:00,-0.00741,0.00968,0.02166,-0.005458776135578677,0.0075707688887395475,0.02127788319966357
MUR100ITA,EURA14,2017-10-25 11:59:00,-0.00333,0.01175,0.01063,-0.0013787761355786774,0.009640768888739548,0.010247883199663573
MUR100ITA,EURA14,2017-10-26 11:59:00,-0.00458,0.01131,0.01108,-0.002628776135578677,0.009200768888739549,0.010697883199663572
MUR100ITA,EURA14,2017-10-27 11:59:00,-0.00457,0.01228,0.01201,-0.0026187761355786774,0.010170768888739547,0.011627883199663572
MUR100ITA,EURA14,2017-10-28 11:59:00,-0.00493,0.01211,0.01576,-0.0029787761355786774,0.010000768888739547,0.015377883199663572
MUR100ITA,EURA14,2017-10-29 11:59:00,-0.00375,0.01172,0.00924,-0.0017987761355786772,0.009610768888739548,0.008857883199663573
MUR100ITA,EURA14,2017-10-30 11:59:00,-0.00424,0.01126,0.00771,-0.002288776135578677,0.009150768888739547,0.007327883199663573
MUR100ITA,EURA14,2017-10-31 11:59:00,-0.00395,0.01161,0.00522,-0.0019987761355786775,0.009500768888739549,0.004837883199663573
MUR100ITA,EURA14,2017-11-01 11:59:00,-0.00433,0.01172,0.01004,-0.0023787761355786767,0.009610768888739548,0.009657883199663573
MUR100ITA,EURA14,2017-11-02 11:59:00,-0.0039,0.0122,0.00825,-0.0019487761355786771,0.010090768888739549,0.007867883199663573
MUR100ITA,EURA14,2017-11-03 11:59:00,-0.00407,0.01231,0.01057,-0.002118776135578677,0.010200768888739548,0.010187883199663572
MUR100ITA,EURA14,2017-11-04 11:59:00,-0.00362,0.01134,0.01004,-0.0016687761355786773,0.009230768888739548,0.009657883199663573
MUR100ITA,EURA14,2017-11-05 11:59:00,-0.00345,0.01265,0.01192,-0.0014987761355786772,0.010540768888739548,0.011537883199663573
MUR100ITA,EURA14,2017-11-06 11:59:00,-0.00354,0.01366,0.00933,-0.0015887761355786775,0.011550768888739548,0.008947883199663572
MUR100ITA,EURA14,2017-11-07 11:59:00,-0.00314,0.01239,0.0134,-0.0011887761355786773,0.010280768888739548,0.013017883199663573
MUR100ITA,EURA14,2017-11-08 11:59:00,-0.00352,0.01259,0.01026,-0.0015687761355786774,0.010480768888739549,0.009877883199663573
MUR100ITA,EURA14,2017-11-09 11:59:00,-0.0035,0.01304,0.01009,-0.0015487761355786774,0.010930768888739548,0.009707883199663573
MUR100ITA,EURA14,2017-11-10 11:59:00,-0.00424,0.01236,0.01029,-0.002288776135578677,0.010250768888739548,0.009907883199663573
MUR100ITA,EURA14,2017-11-11 11:59:00,-0.00342,0.01228,0.00849,-0.0014687761355786772,0.010170768888739547,0.008107883199663572
MUR100ITA,EURA14,2017-11-12 11:59:00,-0.00475,0.01178,0.01528,-0.002798776135578677,0.009670768888739549,0.014897883199663573
MUR100ITA,EURA14,2017-11-13 11:59:00,-0.0056,0.01214,0.01224,-0.003648776135578677,0.010030768888739548,0.011857883199663572
MUR100ITA,EURA14,2017-11-14 11:59:00,-0.007,0.01406,0.00486,-0.005048776135578677,0.011950768888739548,0.004477883199663573
MUR100ITA,EURA14,2017-11-15 11:59:00,-0.00255,0.01491,-0.00219,-0.0005987761355786775,0.012800768888739548,-0.002572116800336427
MUR100ITA,EURA14,2017-11-16 11:59:00,-0.00399,0.01266,0.00193,-0.0020387761355786767,0.010550768888739548,0.0015478831996635731
MUR100ITA,EURA14,2017-11-17 11:59:00,-0.00393,0.0125,0.00602,-0.0019787761355786774,0.010390768888739549,0.005637883199663574
MUR100ITA,EURA14,2017-11-18 11:59:00,-0.00287,0.01324,0.00438,-0.0009187761355786775,0.011130768888739548,0.003997883199663574
MUR100ITA,EURA14,2017-11-19 11:59:00,-0.00322,0.0125,0.00285,-0.0012687761355786775,0.010390768888739549,0.002467883199663573
MUR100ITA,EURA14,2017-11-20 11:59:00,-0.00323,0.01293,0.00766,-0.001278776135578677,0.010820768888739549,0.007277883199663574
MUR100ITA,EURA14,2017-11-21 11:59:00,-0.00307,0.01216,0.00915,-0.0011187761355786771,0.010050768888739549,0.008767883199663573
MUR100ITA,EURA14,2017-11-22 11:59:00,-0.00308,0.01371,0.00971,-0.0011287761355786771,0.011600768888739548,0.009327883199663572
MUR100ITA,EURA14,2017-11-23 11:59:00,-0.00244,0.0132,0.00701,-0.0004887761355786772,0.011090768888739548,0.006627883199663573
MUR100ITA,EURA14,2017-11-24 11:59:00,-0.00253,0.01389,0.00787,-0.0005787761355786774,0.011780768888739548,0.007487883199663574
MUR100ITA,EURA14,2017-11-25 11:59:00,-0.00549,0.01217,0.01363,-0.003538776135578677,0.010060768888739548,0.013247883199663572
MUR100ITA,EURA14,2017-11-26 11:59:00,-0.00239,0.01337,0.00543,-0.0004387761355786775,0.011260768888739548,0.005047883199663573
MUR100ITA,EURA14,2017-11-27 11:59:00,-0.00176,0.01233,0.00111,0.00019122386442132263,0.010220768888739549,0.0007278831996635731
MUR100ITA,EURA14,2017-11-28 11:59:00,-0.0032,0.01369,0.00867,-0.0012487761355786775,0.011580768888739549,0.008287883199663573
MUR100ITA,EURA14,2017-11-29 11:59:00,-0.00117,0.01415,0.0098,0.0007812238644213227,0.012040768888739548,0.009417883199663572
MUR100ITA,EURA14,2017-11-30 11:59:00,0.00024,0.01293,0.00837,0.0021912238644213227,0.010820768888739549,0.007987883199663573
MUR100ITA,EURA14,2017-12-01 11:59:00,-0.00197,0.01306,0.0108,-1.877613557867727e-05,0.010950768888739549,0.010417883199663573
MUR100ITA,EURA14,2017-12-02 11:59:00,-0.00219,0.01311,0.01033,-0.00023877613557867741,0.011000768888739548,0.009947883199663573
MUR100ITA,EURA14,2017-12-03 11:59:00,-0.00217,0.01321,0.00606,-0.00021877613557867736,0.011100768888739548,0.005677883199663574
MUR100ITA,EURA14,2017-12-04 11:59:00,-0.0023,0.01336,0.00673,-0.00034877613557867727,0.011250768888739549,0.006347883199663573
MUR100ITA,EURA14,2017-12-05 11:59:00,-0.00183,0.01406,0.00363,0.00012122386442132266,0.011950768888739548,0.003247883199663573
MUR100ITA,EURA14,2017-12-06 11:59:00,-0.00238,0.01342,-1e-05,-0.0004287761355786775,0.011310768888739548,-0.00039211680033642693
MUR100ITA,EURA14,2017-12-07 11:59:00,-0.00123,0.01317,0.00081,0.0007212238644213227,0.011060768888739548,0.00042788319966357305
MUR100ITA,EURA14,2017-12-08 11:59:00,0.0004,0.01389,0.00718,0.0023512238644213227,0.011780768888739548,0.006797883199663573
MUR100ITA,EURA14,2017-12-09 11:59:00,-0.00318,0.01226,0.01032,-0.0012287761355786774,0.010150768888739548,0.009937883199663572
MUR100ITA,EURA14,2017-12-10 11:59:00,0.00204,0.01432,0.00954,0.003991223864421323,0.012210768888739548,0.009157883199663572
MUR100ITA,EURA14,2017-12-11 11:59:00,0.00407,0.01162,0.01917,0.006021223864421323,0.009510768888739548,0.018787883199663572
MUR100ITA,EURA14,2017-12-12 11:59:00,0.00266,0.01114,0.01151,0.004611223864421323,0.009030768888739549,0.011127883199663572
MUR100ITA,EURA14,2017-12-13 11:59:00,-0.00234,0.013,0.00488,-0.0003887761355786774,0.010890768888739548,0.004497883199663573
MUR100ITA,EURA14,2017-12-14 11:59:00,0.00308,0.01562,0.0115,0.005031223864421322,0.013510768888739548,0.011117883199663572
MUR100ITA,EURA14,2017-12-15 11:59:00,-0.00104,0.01457,0.01814,0.0009112238644213228,0.012460768888739548,0.017757883199663572
MUR100ITA,EURA14,2017-12-16 11:59:00,-0.00498,0.01135,0.00479,-0.003028776135578677,0.009240768888739549,0.0044078831996635735
MUR100ITA,EURA14,2017-12-17 11:59:00,-0.00445,0.0132,0.00565,-0.002498776135578677,0.011090768888739548,0.005267883199663573
MUR100ITA,EURA14,2017-12-18 11:59:00,-0.00257,0.01307,0.00678,-0.0006187761355786771,0.010960768888739548,0.006397883199663573
MUR100ITA,EURA14,2017-12-19 11:59:00,-0.00297,0.01361,0.0063,-0.0010187761355786773,0.011500768888739549,0.0059178831996635735
MUR100ITA,EURA14,2017-12-20 11:59:00,-0.0022,0.0137,0.00585,-0.00024877613557867744,0.011590768888739549,0.005467883199663574
MUR100ITA,EURA14,2017-12-21 11:59:00,-0.00297,0.01522,-0.00053,-0.0010187761355786773,0.013110768888739547,-0.0009121168003364268
MUR100ITA,EURA14,2017-12-22 11:59:00,-0.0038,0.01268,0.00639,-0.0018487761355786773,0.010570768888739548,0.006007883199663573
MUR100ITA,EURA14,2017-12-23 11:59:00,-0.0012,0.01346,0.00642,0.0007512238644213228,0.011350768888739548,0.006037883199663574
MUR100ITA,EURA14,2017-12-24 11:59:00,-0.00158,0.01294,0.0026,0.00037122386442132267,0.010830768888739548,0.002217883199663573
MUR100ITA,EURA14,2017-12-25 11:59:00,-0.0007,0.01287,0.00285,0.0012512238644213228,0.010760768888739548,0.002467883199663573
MUR100ITA,EURA14,2017-12-26 11:59:00,-0.00076,0.01305,0.00888,0.0011912238644213227,0.010940768888739549,0.008497883199663573
MUR100ITA,EURA14,2017-12-27 11:59:00,-1e-05,0.01276,0.01498,0.0019412238644213227,0.010650768888739549,0.014597883199663573
MUR100ITA,EURA14,2017-12-28 11:59:00,0.00121,0.01197,0.01733,0.0031612238644213226,0.009860768888739548,0.016947883199663574
MUR100ITA,EURA14,2017-12-29 11:59:00,-1e-05,0.01165,0.01224,0.0019412238644213227,0.009540768888739549,0.011857883199663572
MUR100ITA,EURA14,2017-12-30 11:59:00,-0.00122,0.01249,0.00736,0.0007312238644213227,0.010380768888739548,0.006977883199663574
MUR100ITA,EURA14,2017-12-31 11:59:00,-0.00037,0.0133,0.00365,0.0015812238644213228,0.011190768888739547,0.003267883199663573
MUR100ITA,EURA14,2018-01-01 11:59:00,-0.00091,0.01404,0.00696,0.0010412238644213227,0.011930768888739549,0.0065778831996635735
MUR100ITA,EURA14,2018-01-02 11:59:00,-0.00096,0.01272,0.00857,0.0009912238644213226,0.010610768888739549,0.008187883199663572
MUR100ITA,EURA14,2018-01-03 11:59:00,-0.00021,0.01337,0.0076,0.0017412238644213228,0.011260768888739548,0.0072178831996635735
MUR100ITA,EURA14,2018-01-04 11:59:00,0.00023,0.01262,0.0118,0.0021812238644213226,0.010510768888739547,0.011417883199663572
MUR100ITA,EURA14,2018-01-05 11:59:00,-0.00201,0.01264,0.01287,-5.8776135578677375e-05,0.010530768888739548,0.012487883199663572
MUR100ITA,EURA14,2018-01-06 11:59:00,0.00023,0.01379,0.00704,0.0021812238644213226,0.011680768888739548,0.006657883199663574
MUR100ITA,EURA14,2018-01-07 11:59:00,-0.00122,0.01378,0.00948,0.0007312238644213227,0.011670768888739549,0.009097883199663573
MUR100ITA,EURA14,2018-01-08 11:59:00,-0.00041,0.01348,0.00969,0.0015412238644213227,0.011370768888739549,0.009307883199663573
MUR100ITA,EURA14,2018-01-09 11:59:00,-0.00024,0.01435,0.00649,0.0017112238644213227,0.012240768888739548,0.006107883199663574
MUR100ITA,EURA14,2018-01-10 11:59:00,-0.00128,0.01323,0.0116,0.0006712238644213226,0.011120768888739549,0.011217883199663572
MUR100ITA,EURA14,2018-01-11 11:59:00,-0.00223,0.01406,0.01174,-0.0002787761355786775,0.011950768888739548,0.011357883199663573
MUR100ITA,EURA14,2018-01-12 11:59:00,-0.00198,0.01404,0.00755,-2.8776135578677297e-05,0.011930768888739549,0.007167883199663574
MUR100ITA,EURA14,2018-01-13 11:59:00,-0.00219,0.01392,0.00835,-0.00023877613557867741,0.011810768888739548,0.007967883199663572
MUR100ITA,EURA14,2018-01-14 11:59:00,-0.00153,0.0141,0.00734,0.0004212238644213228,0.011990768888739548,0.006957883199663574
MUR100ITA,EURA14,2018-01-15 11:59:00,-0.00145,0.01378,0.00301,0.0005012238644213228,0.011670768888739549,0.002627883199663573
MUR100ITA,EURA14,2018-01-16 11:59:00,0.00028,0.01498,0.00545,0.0022312238644213228,0.012870768888739548,0.0050678831996635735
MUR100ITA,EURA14,2018-01-17 11:59:00,-0.00142,0.01452,0.01223,0.0005312238644213227,0.012410768888739548,0.011847883199663572
MUR100ITA,EURA14,2018-01-18 11:59:00,-0.00223,0.01389,0.01295,-0.0002787761355786775,0.011780768888739548,0.012567883199663572
MUR100ITA,EURA14,2018-01-19 11:59:00,-0.00086,0.01454,0.00829,0.0010912238644213228,0.012430768888739549,0.007907883199663573
MUR100ITA,EURA14,2018-01-20 11:59:00,-0.00176,0.01444,0.00812,0.00019122386442132263,0.012330768888739548,0.007737883199663574
MUR100ITA,EURA14,2018-01-21 11:59:00,-0.00067,0.0143,0.01257,0.0012812238644213227,0.012190768888739548,0.012187883199663572
MUR100ITA,EURA14,2018-01-22 11:59:00,-0.00192,0.01412,0.01114,3.1223864421322644e-05,0.012010768888739549,0.010757883199663573
MUR100ITA,EURA14,2018-01-23 11:59:00,-0.0016,0.01547,0.00835,0.0003512238644213226,0.013360768888739548,0.007967883199663572
MUR100ITA,EURA14,2018-01-24 11:59:00,-0.00066,0.0148,0.00469,0.0012912238644213227,0.012690768888739549,0.004307883199663573
MUR100ITA,EURA14,2018-01-25 11:59:00,-0.00102,0.01452,0.00399,0.0009312238644213226,0.012410768888739548,0.0036078831996635727
MUR100ITA,EURA14,2018-01-26 11:59:00,-0.00128,0.01457,0.01012,0.0006712238644213226,0.012460768888739548,0.009737883199663573
MUR100ITA,EURA14,2018-01-27 11:59:00,-0.00184,0.01567,0.00589,0.00011122386442132264,0.013560768888739548,0.005507883199663574
MUR100ITA,EURA14,2018-01-28 11:59:00,-0.00116,0.01476,0.00351,0.0007912238644213227,0.012650768888739549,0.003127883199663573
MUR100ITA,EURA14,2018-01-29 11:59:00,-0.00082,0.01478,0.00461,0.0011312238644213227,0.012670768888739548,0.004227883199663574
MUR100ITA,EURA14,2018-01-30 11:59:00,-0.00131,0.01416,0.01036,0.0006412238644213227,0.012050768888739549,0.009977883199663572
MUR100ITA,EURA14,2018-01-31 11:59:00,-0.00064,0.01494,0.00996,0.0013112238644213225,0.012830768888739548,0.009577883199663573
MUR100ITA,EURA14,2018-02-01 11:59:00,0.00227,0.01667,0.01448,0.004221223864421322,0.014560768888739549,0.014097883199663572
MUR100ITA,EURA14,2018-02-02 11:59:00,0.00041,0.01485,0.01534,0.0023612238644213227,0.012740768888739549,0.014957883199663572
MUR100ITA,EURA14,2018-02-03 11:59:00,-0.00143,0.01389,0.00975,0.0005212238644213226,0.011780768888739548,0.009367883199663573
MUR100ITA,EURA14,2018-02-04 11:59:00,-0.00138,0.01496,0.01203,0.0005712238644213228,0.012850768888739547,0.011647883199663573
MUR100ITA,EURA14,2018-02-05 11:59:00,-0.00121,0.01489,0.0102,0.0007412238644213228,0.012780768888739549,0.009817883199663573
MUR100ITA,EURA14,2018-02-06 11:59:00,-0.00114,0.01525,0.01059,0.0008112238644213227,0.013140768888739548,0.010207883199663573
MUR100ITA,EURA14,2018-02-07 11:59:00,-0.00158,0.01497,0.00988,0.00037122386442132267,0.012860768888739549,0.009497883199663573
MUR100ITA,EURA14,2018-02-08 11:59:00,-0.00113,0.01543,0.00881,0.0008212238644213228,0.013320768888739547,0.008427883199663573
MUR100ITA,EURA14,2018-02-09 11:59:00,-0.00123,0.01442,0.01041,0.0007212238644213227,0.012310768888739549,0.010027883199663573
MUR100ITA,EURA14,2018-02-10 11:59:00,-0.00176,0.01581,0.01039,0.00019122386442132263,0.01370076888873955,0.010007883199663573
MUR100ITA,EURA14,2018-02-11 11:59:00,-0.00126,0.01464,0.00825,0.0006912238644213226,0.012530768888739548,0.007867883199663573
MUR100ITA,EURA14,2018-02-12 11:59:00,-0.00123,0.01579,0.00784,0.0007212238644213227,0.013680768888739547,0.007457883199663573
MUR100ITA,EURA14,2018-02-13 11:59:00,-0.00107,0.01555,0.00893,0.0008812238644213227,0.013440768888739548,0.008547883199663573
MUR100ITA,EURA14,2018-02-14 11:59:00,-0.00176,0.01541,0.00772,0.00019122386442132263,0.013300768888739548,0.007337883199663574
MUR100ITA,EURA14,2018-02-15 11:59:00,-0.00034,0.0137,0.00851,0.0016112238644213227,0.011590768888739549,0.008127883199663573
MUR100ITA,EURA14,2018-02-16 11:59:00,-0.00117,0.01553,0.00872,0.0007812238644213227,0.013420768888739549,0.008337883199663573
MUR100ITA,EURA14,2018-02-17 11:59:00,-0.00084,0.01569,0.00389,0.0011112238644213227,0.013580768888739547,0.003507883199663573
MUR100ITA,EURA14,2018-02-18 11:59:00,-0.00108,0.01643,0.0076,0.0008712238644213227,0.014320768888739548,0.0072178831996635735
MUR100ITA,EURA14,2018-02-19 11:59:00,-0.00095,0.01598,0.00688,0.0010012238644213226,0.01387076888873955,0.006497883199663573
MUR100ITA,EURA14,2018-02-20 11:59:00,-0.00079,0.01612,0.01259,0.0011612238644213226,0.014010768888739547,0.012207883199663573
MUR100ITA,EURA14,2018-02-21 11:59:00,-0.00092,0.01546,0.01397,0.0010312238644213227,0.013350768888739548,0.013587883199663572
MUR100ITA,EURA14,2018-02-22 11:59:00,-0.00237,0.01762,0.01371,-0.00041877613557867745,0.015510768888739548,0.013327883199663573
MUR100ITA,EURA14,2018-02-23 11:59:00,-0.00077,0.01622,0.01518,0.0011812238644213226,0.014110768888739546,0.014797883199663573
MUR100ITA,EURA14,2018-02-24 11:59:00,-0.00108,0.01562,0.00762,0.0008712238644213227,0.013510768888739548,0.0072378831996635735
MUR100ITA,EURA14,2018-02-28 11:59:00,-0.00045,0.01564,0.00967,0.0015012238644213226,0.01353076888873955,0.009287883199663572
MUR100ITA,EURA14,2018-03-01 11:59:00,-0.00717,0.01694,0.00342,-0.005218776135578677,0.014830768888739548,0.003037883199663573
MUR100ITA,EURA14,2018-03-02 11:59:00,0.00039,0.01569,0.01036,0.0023412238644213226,0.013580768888739547,0.009977883199663572
MUR100ITA,EURA14,2018-03-03 11:59:00,-0.00104,0.01483,0.00947,0.0009112238644213228,0.012720768888739548,0.009087883199663572
MUR100ITA,EURA14,2018-03-04 11:59:00,-0.00074,0.01438,0.01447,0.0012112238644213227,0.012270768888739549,0.014087883199663573
MUR100ITA,EURA14,2018-03-05 11:59:00,-0.00156,0.01484,0.01088,0.0003912238644213227,0.012730768888739549,0.010497883199663573
MUR100ITA,EURA14,2018-03-06 11:59:00,-0.0011,0.01514,0.0116,0.0008512238644213226,0.013030768888739549,0.011217883199663572
MUR100ITA,EURA14,2018-03-07 11:59:00,0.00027,0.01504,0.01186,0.0022212238644213228,0.012930768888739548,0.011477883199663573
MUR100ITA,EURA14,2018-03-08 11:59:00,-0.00096,0.01663,0.00889,0.0009912238644213226,0.014520768888739547,0.008507883199663573
MUR100ITA,EURA14,2018-03-09 11:59:00,-0.00073,0.01609,0.0056,0.0012212238644213227,0.013980768888739548,0.005217883199663573
MUR100ITA,EURA14,2018-03-10 11:59:00,-0.00217,0.01616,0.00479,-0.00021877613557867736,0.014050768888739549,0.0044078831996635735
MUR100ITA,EURA14,2018-03-11 11:59:00,0.00042,0.01515,0.00646,0.0023712238644213227,0.013040768888739548,0.006077883199663573
MUR100ITA,EURA14,2018-03-12 11:59:00,0.00016,0.01635,0.00863,0.002111223864421323,0.014240768888739548,0.008247883199663573
MUR100ITA,EURA14,2018-03-13 11:59:00,-0.00217,0.01631,0.01216,-0.00021877613557867736,0.01420076888873955,0.011777883199663573
MUR100ITA,EURA14,2018-03-14 11:59:00,-0.00156,0.01672,0.00671,0.0003912238644213227,0.014610768888739547,0.006327883199663573
MUR100ITA,EURA14,2018-03-15 11:59:00,-0.00044,0.01704,0.01111,0.0015112238644213226,0.014930768888739548,0.010727883199663573
MUR100ITA,EURA14,2018-03-16 11:59:00,-0.00082,0.01687,0.01234,0.0011312238644213227,0.014760768888739548,0.011957883199663573
MUR100ITA,EURA14,2018-03-17 11:59:00,-0.00152,0.01544,0.0104,0.0004312238644213226,0.013330768888739549,0.010017883199663572
MUR100ITA,EURA14,2018-03-18 11:59:00,-0.00195,0.016,0.01504,1.223864421322782e-06,0.013890768888739548,0.014657883199663572
MUR100ITA,EURA14,2018-03-19 11:59:00,-0.00164,0.01751,0.0103,0.00031122386442132273,0.01540076888873955,0.009917883199663573
MUR100ITA,EURA14,2018-03-20 11:59:00,-0.00277,0.0171,0.01258,-0.0008187761355786772,0.014990768888739549,0.012197883199663572
MUR100ITA,EURA14,2018-03-21 11:59:00,-0.00237,0.01628,0.00752,-0.00041877613557867745,0.014170768888739547,0.007137883199663573
MUR100ITA,EURA14,2018-03-22 11:59:00,-0.0015,0.01524,0.00803,0.00045122386442132266,0.013130768888739548,0.007647883199663574
MUR100ITA,EURA14,2018-03-23 11:59:00,-0.00216,0.0144,0.00971,-0.00020877613557867734,0.012290768888739548,0.009327883199663572
MUR100ITA,EURA14,2018-03-24 11:59:00,-0.00072,0.01555,0.0115,0.0012312238644213228,0.013440768888739548,0.011117883199663572
MUR100ITA,EURA14,2018-03-25 11:59:00,-0.00094,0.01651,0.00907,0.0010112238644213226,0.014400768888739549,0.008687883199663573
MUR100ITA,EURA14,2018-03-26 11:59:00,-0.00094,0.01633,0.01053,0.0010112238644213226,0.014220768888739549,0.010147883199663572
MUR100ITA,EURA14,2018-03-27 11:59:00,-0.00108,0.01601,0.01096,0.0008712238644213227,0.013900768888739548,0.010577883199663572
MUR100ITA,EURA14,2018-03-28 11:59:00,-0.00051,0.01548,0.00593,0.0014412238644213227,0.013370768888739549,0.005547883199663574
MUR100ITA,EURA14,2018-03-29 11:59:00,0.00089,0.01661,0.01544,0.0028412238644213226,0.014500768888739548,0.015057883199663573
MUR100ITA,EURA14,2018-03-30 11:59:00,0.00147,0.01799,0.01206,0.003421223864421323,0.015880768888739547,0.011677883199663572
MUR100ITA,EURA14,2018-03-31 11:59:00,9e-05,0.01503,0.01239,0.0020412238644213227,0.012920768888739548,0.012007883199663573
MUR100ITA,EURA14,2018-04-01 11:59:00,-0.00134,0.01585,0.01356,0.0006112238644213226,0.013740768888739548,0.013177883199663572
MUR100ITA,EURA14,2018-04-02 11:59:00,-0.0004,0.01625,0.00747,0.0015512238644213227,0.014140768888739549,0.0070878831996635736
MUR100ITA,EURA14,2018-04-03 11:59:00,-0.00027,0.01556,0.00901,0.0016812238644213226,0.013450768888739547,0.008627883199663573
MUR100ITA,EURA14,2018-04-04 11:59:00,-0.00034,0.0176,0.0069,0.0016112238644213227,0.01549076888873955,0.006517883199663573
MUR100ITA,EURA14,2018-04-05 11:59:00,-0.00168,0.01596,0.01153,0.0002712238644213226,0.013850768888739547,0.011147883199663573
MUR100ITA,EURA14,2018-04-06 11:59:00,-0.00074,0.01813,0.00703,0.0012112238644213227,0.01602076888873955,0.006647883199663573
MUR100ITA,EURA14,2018-04-07 11:59:00,-0.00149,0.01653,0.01188,0.0004612238644213227,0.014420768888739548,0.011497883199663573
MUR100ITA,EURA14,2018-04-08 11:59:00,-0.00163,0.01588,0.01506,0.00032122386442132275,0.013770768888739546,0.014677883199663573
MUR100ITA,EURA14,2018-04-09 11:59:00,-0.00129,0.01712,0.00855,0.0006612238644213228,0.015010768888739548,0.008167883199663573
MUR100ITA,EURA14,2018-04-10 11:59:00,-0.00154,0.01747,0.00628,0.0004112238644213228,0.015360768888739548,0.0058978831996635735
MUR100ITA,EURA14,2018-04-11 11:59:00,-0.00052,0.01587,0.01675,0.0014312238644213228,0.013760768888739547,0.016367883199663574
MUR100ITA,EURA14,2018-04-12 11:59:00,-7e-05,0.01671,0.01037,0.0018812238644213227,0.014600768888739547,0.009987883199663573
MUR100ITA,EURA14,2018-04-13 11:59:00,-0.00012,0.01721,0.00913,0.0018312238644213226,0.015100768888739548,0.008747883199663572
MUR100ITA,EURA14,2018-04-14 11:59:00,-0.00124,0.01648,0.01042,0.0007112238644213227,0.01437076888873955,0.010037883199663573
MUR100ITA,EURA14,2018-04-15 11:59:00,-0.00051,0.01599,0.01223,0.0014412238644213227,0.013880768888739549,0.011847883199663572
MUR100ITA,EURA14,2018-04-16 11:59:00,-0.00109,0.01783,0.00983,0.0008612238644213227,0.015720768888739547,0.009447883199663573
MUR100ITA,EURA14,2018-04-17 11:59:00,-0.00105,0.0173,0.00443,0.0009012238644213228,0.015190768888739548,0.004047883199663573
MUR100ITA,EURA14,2018-04-18 11:59:00,0.0006,0.01772,0.01276,0.0025512238644213227,0.015610768888739548,0.012377883199663573
MUR100ITA,EURA14,2018-04-19 11:59:00,-0.00184,0.01864,0.00543,0.00011122386442132264,0.01653076888873955,0.005047883199663573
MUR100ITA,EURA14,2018-04-20 11:59:00,-0.0008,0.02038,0.00845,0.0011512238644213225,0.018270768888739547,0.008067883199663572
MUR100ITA,EURA14,2018-04-21 11:59:00,-0.00046,0.01828,0.01005,0.0014912238644213226,0.01617076888873955,0.009667883199663573
MUR100ITA,EURA14,2018-04-22 11:59:00,-0.00125,0.01748,0.01017,0.0007012238644213227,0.015370768888739547,0.009787883199663573
MUR100ITA,EURA14,2018-04-23 11:59:00,-0.00067,0.01784,0.00868,0.0012812238644213227,0.01573076888873955,0.008297883199663573
MUR100ITA,EURA14,2018-04-24 11:59:00,-0.00078,0.0175,0.01248,0.0011712238644213226,0.01539076888873955,0.012097883199663572
MUR100ITA,EURA14,2018-04-25 11:59:00,-0.00033,0.01806,0.01169,0.0016212238644213227,0.015950768888739548,0.011307883199663573
MUR100ITA,EURA14,2018-04-26 11:59:00,6e-05,0.01809,0.01385,0.0020112238644213226,0.015980768888739547,0.013467883199663572
MUR100ITA,EURA14,2018-04-27 11:59:00,-7e-05,0.01823,0.01278,0.0018812238644213227,0.016120768888739548,0.012397883199663572
MUR100ITA,EURA14,2018-04-28 11:59:00,-0.00039,0.01831,0.01474,0.0015612238644213228,0.016200768888739548,0.014357883199663572
MUR100ITA,EURA14,2018-04-29 11:59:00,-0.00184,0.01857,0.01562,0.00011122386442132264,0.016460768888739548,0.015237883199663573
MUR100ITA,EURA14,2018-04-30 11:59:00,-0.00132,0.01854,0.01132,0.0006312238644213227,0.01643076888873955,0.010937883199663573
MUR100ITA,EURA14,2018-05-01 11:59:00,-0.00116,0.01864,0.01189,0.0007912238644213227,0.01653076888873955,0.011507883199663572
MUR100ITA,EURA14,2018-05-02 11:59:00,-0.00129,0.01836,0.01287,0.0006612238644213228,0.01625076888873955,0.012487883199663572
MUR100ITA,EURA14,2018-05-03 11:59:00,-0.00106,0.01852,0.01361,0.0008912238644213227,0.016410768888739546,0.013227883199663573
MUR100ITA,EURA14,2018-05-04 11:59:00,-0.00154,0.01754,0.01468,0.0004112238644213228,0.015430768888739548,0.014297883199663573
MUR100ITA,EURA14,2018-05-05 11:59:00,-0.00111,0.02022,0.00793,0.0008412238644213226,0.018110768888739547,0.007547883199663573
MUR100ITA,EURA14,2018-05-06 11:59:00,-0.00171,0.01898,0.00173,0.00024122386442132276,0.01687076888873955,0.001347883199663573
MUR100ITA,EURA14,2018-05-07 11:59:00,-0.00103,0.01922,0.00734,0.0009212238644213226,0.01711076888873955,0.006957883199663574
MUR100ITA,EURA14,2018-05-08 11:59:00,-0.00087,0.01845,0.00651,0.0010812238644213228,0.01634076888873955,0.006127883199663574
MUR100ITA,EURA14,2018-05-09 11:59:00,-0.00133,0.01796,0.00913,0.0006212238644213227,0.01585076888873955,0.008747883199663572
MUR100ITA,EURA14,2018-05-10 11:59:00,0.00044,0.01778,0.00957,0.0023912238644213228,0.01567076888873955,0.009187883199663573
MUR100ITA,EURA14,2018-05-11 11:59:00,-0.00052,0.01814,0.00714,0.0014312238644213228,0.016030768888739548,0.006757883199663573
MUR100ITA,EURA14,2018-05-12 11:59:00,-0.00247,0.01523,0.00649,-0.0005187761355786773,0.013120768888739549,0.006107883199663574
MUR100ITA,EURA14,2018-05-13 11:59:00,-0.00121,0.01954,0.00594,0.0007412238644213228,0.017430768888739546,0.0055578831996635734
MUR100ITA,EURA14,2018-05-14 11:59:00,-0.0004,0.0174,0.01033,0.0015512238644213227,0.015290768888739547,0.009947883199663573
MUR100ITA,EURA14,2018-05-15 11:59:00,-8e-05,0.01797,0.00482,0.0018712238644213227,0.015860768888739548,0.004437883199663573
MUR100ITA,EURA14,2018-05-16 11:59:00,-0.00029,0.01875,0.00698,0.0016612238644213226,0.016640768888739547,0.006597883199663574
MUR100ITA,EURA14,2018-05-17 11:59:00,-0.00125,0.01835,0.00721,0.0007012238644213227,0.01624076888873955,0.006827883199663574
MUR100ITA,EURA14,2018-05-18 11:59:00,-0.00085,0.01952,0.0057,0.0011012238644213228,0.017410768888739547,0.005317883199663574
MUR100ITA,EURA14,2018-05-19 11:59:00,-0.00112,0.01854,0.00719,0.0008312238644213228,0.01643076888873955,0.006807883199663574
MUR100ITA,EURA14,2018-05-20 11:59:00,-0.00152,0.01811,0.00863,0.0004312238644213226,0.01600076888873955,0.008247883199663573
MUR100ITA,EURA14,2018-05-21 11:59:00,-0.00012,0.01857,0.01252,0.0018312238644213226,0.016460768888739548,0.012137883199663572
MUR100ITA,EURA14,2018-05-22 11:59:00,0.00076,0.01817,0.0071,0.0027112238644213227,0.016060768888739547,0.006717883199663574
MUR100ITA,EURA14,2018-05-23 11:59:00,-0.00012,0.01815,0.00329,0.0018312238644213226,0.016040768888739548,0.002907883199663573
MUR100ITA,EURA14,2018-05-24 11:59:00,4e-05,0.01786,0.00364,0.0019912238644213226,0.01575076888873955,0.003257883199663573
MUR100ITA,EURA14,2018-05-25 11:59:00,0.00051,0.01749,0.00975,0.002461223864421323,0.015380768888739547,0.009367883199663573
MUR100ITA,EURA14,2018-05-26 11:59:00,-2e-05,0.01876,0.00029,0.0019312238644213226,0.016650768888739547,-9.21168003364269e-05
MUR100ITA,EURA14,2018-05-27 11:59:00,-0.00148,0.01896,0.00345,0.0004712238644213227,0.01685076888873955,0.003067883199663573
MUR100ITA,EURA14,2018-05-28 11:59:00,0.00038,0.01951,0.00404,0.0023312238644213226,0.017400768888739548,0.0036578831996635732
MUR100ITA,EURA14,2018-05-29 11:59:00,0.00087,0.01816,0.0066,0.0028212238644213226,0.016050768888739547,0.0062178831996635734
MUR100ITA,EURA14,2018-05-30 11:59:00,-0.00108,0.01938,0.0094,0.0008712238644213227,0.01727076888873955,0.009017883199663573
MUR100ITA,EURA14,2018-05-31 11:59:00,-0.00025,0.01886,0.00572,0.0017012238644213227,0.016750768888739546,0.005337883199663574
MUR100ITA,EURA14,2018-06-01 11:59:00,-3e-05,0.0179,0.00854,0.0019212238644213226,0.015790768888739547,0.008157883199663573
MUR100ITA,EURA14,2018-06-02 11:59:00,-0.00038,0.01918,0.00187,0.0015712238644213228,0.017070768888739547,0.001487883199663573
MUR100ITA,EURA14,2018-06-03 11:59:00,-0.00017,0.01825,0.00696,0.0017812238644213227,0.016140768888739547,0.0065778831996635735
MUR100ITA,EURA14,2018-06-04 11:59:00,-0.00172,0.01855,0.01144,0.00023122386442132273,0.01644076888873955,0.011057883199663573
MUR100ITA,EURA14,2018-06-05 11:59:00,0.00094,0.01617,0.01011,0.0028912238644213228,0.014060768888739548,0.009727883199663572
MUR100ITA,EURA14,2018-06-06 11:59:00,9e-05,0.01833,0.0102,0.0020412238644213227,0.016220768888739547,0.009817883199663573
MUR100ITA,EURA14,2018-06-07 11:59:00,-0.00129,0.0196,0.00429,0.0006612238644213228,0.017490768888739548,0.003907883199663574
MUR100ITA,EURA14,2018-06-08 11:59:00,-0.0001,0.0198,0.00857,0.0018512238644213226,0.01769076888873955,0.008187883199663572
MUR100ITA,EURA14,2018-06-09 11:59:00,-0.00046,0.01906,0.0078,0.0014912238644213226,0.01695076888873955,0.007417883199663573
MUR100ITA,EURA14,2018-06-10 11:59:00,-0.00061,0.01896,0.01012,0.0013412238644213226,0.01685076888873955,0.009737883199663573
MUR100ITA,EURA14,2018-06-11 11:59:00,-0.00018,0.01822,0.00937,0.0017712238644213227,0.016110768888739548,0.008987883199663572
MUR100ITA,EURA14,2018-06-12 11:59:00,0.00128,0.0219,0.01,0.003231223864421323,0.019790768888739547,0.009617883199663573
MUR100ITA,EURA14,2018-06-13 11:59:00,-0.00162,0.01875,0.01432,0.0003312238644213228,0.016640768888739547,0.013937883199663572
MUR100ITA,EURA14,2018-06-14 11:59:00,-0.00034,0.01819,0.00727,0.0016112238644213227,0.01608076888873955,0.006887883199663574
MUR100ITA,EURA14,2018-06-15 11:59:00,-0.00065,0.01859,0.00551,0.0013012238644213227,0.016480768888739547,0.005127883199663574
MUR100ITA,EURA14,2018-06-16 11:59:00,0.00057,0.01858,0.00956,0.0025212238644213227,0.016470768888739547,0.009177883199663573
MUR100ITA,EURA14,2018-06-17 11:59:00,6e-05,0.01953,0.00835,0.0020112238644213226,0.017420768888739547,0.007967883199663572
MUR100ITA,EURA14,2018-06-18 11:59:00,0.00119,0.01934,0.00136,0.003141223864421323,0.017230768888739548,0.0009778831996635731
MUR100ITA,EURA14,2018-06-19 11:59:00,0.00082,0.02109,0.00401,0.0027712238644213225,0.01898076888873955,0.0036278831996635727
MUR100ITA,EURA14,2018-06-20 11:59:00,-0.00071,0.01973,0.00279,0.0012412238644213228,0.01762076888873955,0.002407883199663573
MUR100ITA,EURA14,2018-06-21 11:59:00,0.00217,0.0182,0.0059,0.004121223864421323,0.01609076888873955,0.005517883199663573
MUR100ITA,EURA14,2018-06-22 11:59:00,0.0001,0.01825,0.00513,0.0020512238644213227,0.016140768888739547,0.0047478831996635735
MUR100ITA,EURA14,2018-06-23 11:59:00,-0.00112,0.01873,0.01121,0.0008312238644213228,0.01662076888873955,0.010827883199663572
MUR100ITA,EURA14,2018-06-24 11:59:00,-0.00049,0.01913,0.01071,0.0014612238644213227,0.01702076888873955,0.010327883199663573
MUR100ITA,EURA14,2018-06-25 11:59:00,-0.00157,0.01875,0.0076,0.0003812238644213227,0.016640768888739547,0.0072178831996635735
MUR100ITA,EURA14,2018-06-26 11:59:00,-0.00218,0.01758,0.01022,-0.0002287761355786774,0.015470768888739547,0.009837883199663573
MUR100ITA,EURA14,2018-06-27 11:59:00,-0.00198,0.01671,0.0136,-2.8776135578677297e-05,0.014600768888739547,0.013217883199663572
MUR100ITA,EURA14,2018-06-28 11:59:00,-0.00091,0.01833,0.00899,0.0010412238644213227,0.016220768888739547,0.008607883199663572
MUR100ITA,EURA14,2018-06-29 11:59:00,0.00039,0.01893,0.01496,0.0023412238644213226,0.016820768888739547,0.014577883199663572
MUR100ITA,EURA14,2018-06-30 11:59:00,-0.00016,0.01882,0.01468,0.0017912238644213227,0.016710768888739548,0.014297883199663573
MUR100ITA,EURA14,2018-07-01 11:59:00,-0.00113,0.0188,0.01183,0.0008212238644213228,0.01669076888873955,0.011447883199663573
MUR100ITA,EURA14,2018-07-02 11:59:00,-0.00031,0.01859,0.01002,0.0016412238644213227,0.016480768888739547,0.009637883199663572
MUR100ITA,EURA14,2018-07-03 11:59:00,-0.00128,0.01833,0.0132,0.0006712238644213226,0.016220768888739547,0.012817883199663573
MUR100ITA,EURA14,2018-07-04 11:59:00,0.00028,0.01787,0.00315,0.0022312238644213228,0.01576076888873955,0.002767883199663573
MUR100ITA,EURA14,2018-07-05 11:59:00,0.00014,0.01776,0.01881,0.002091223864421323,0.01565076888873955,0.018427883199663573
MUR100ITA,EURA14,2018-07-06 11:59:00,-0.00113,0.01692,0.01607,0.0008212238644213228,0.01481076888873955,0.015687883199663574
MUR100ITA,EURA14,2018-07-07 11:59:00,-0.0024,0.01975,0.01444,-0.0004487761355786771,0.01764076888873955,0.014057883199663572
MUR100ITA,EURA14,2018-07-08 11:59:00,-0.00061,0.01767,0.00898,0.0013412238644213226,0.01556076888873955,0.008597883199663573
MUR100ITA,EURA14,2018-07-09 11:59:00,-0.00189,0.01716,0.01101,6.122386442132272e-05,0.01505076888873955,0.010627883199663573
MUR100ITA,EURA14,2018-07-10 11:59:00,-0.00199,0.01737,0.01342,-3.877613557867732e-05,0.015260768888739548,0.013037883199663572
MUR100ITA,EURA14,2018-07-11 11:59:00,-0.00314,0.01952,0.01119,-0.0011887761355786773,0.017410768888739547,0.010807883199663573
MUR100ITA,EURA14,2018-07-12 11:59:00,-0.00251,0.01703,0.01429,-0.0005587761355786774,0.014920768888739548,0.013907883199663573
MUR100ITA,EURA14,2018-07-13 11:59:00,-0.00284,0.01716,0.00913,-0.0008887761355786774,0.01505076888873955,0.008747883199663572
MUR100ITA,EURA14,2018-07-14 11:59:00,-0.00337,0.01562,0.01475,-0.0014187761355786775,0.013510768888739548,0.014367883199663572
MUR100ITA,EURA14,2018-07-15 11:59:00,-0.00447,0.01644,0.01624,-0.002518776135578677,0.014330768888739548,0.015857883199663574
MUR100ITA,EURA14,2018-07-16 11:59:00,-0.00087,0.0174,0.02075,0.0010812238644213228,0.015290768888739547,0.020367883199663574
MUR100ITA,EURA14,2018-07-17 11:59:00,-0.00257,0.01639,0.01002,-0.0006187761355786771,0.014280768888739546,0.009637883199663572
MUR100ITA,EURA14,2018-07-18 11:59:00,-0.00359,0.01696,0.01029,-0.0016387761355786772,0.014850768888739548,0.009907883199663573
MUR100ITA,EURA14,2018-07-19 11:59:00,-0.00346,0.01733,0.01581,-0.0015087761355786773,0.01522076888873955,0.015427883199663574
MUR100ITA,EURA14,2018-07-20 11:59:00,-0.00323,0.01646,0.01433,-0.001278776135578677,0.014350768888739547,0.013947883199663573
MUR100ITA,EURA14,2018-07-21 11:59:00,-0.00321,0.01567,0.01189,-0.0012587761355786775,0.013560768888739548,0.011507883199663572
MUR100ITA,EURA14,2018-07-22 11:59:00,-0.00015,0.01585,0.01607,0.0018012238644213227,0.013740768888739548,0.015687883199663574
MUR100ITA,EURA14,2018-07-23 11:59:00,-0.00429,0.01557,0.00569,-0.0023387761355786775,0.013460768888739549,0.005307883199663573
MUR100ITA,EURA14,2018-07-24 11:59:00,-0.00664,0.01507,0.01189,-0.004688776135578677,0.012960768888739548,0.011507883199663572
MUR100ITA,EURA14,2018-07-25 11:59:00,-0.00484,0.01574,0.01527,-0.0028887761355786768,0.013630768888739549,0.014887883199663573
MUR100ITA,EURA14,2018-07-26 11:59:00,-0.00421,0.01638,0.0023,-0.0022587761355786773,0.014270768888739547,0.001917883199663573
MUR100ITA,EURA14,2018-07-27 11:59:00,-0.00393,0.01461,0.01299,-0.0019787761355786774,0.012500768888739548,0.012607883199663572
MUR100ITA,EURA14,2018-07-28 11:59:00,-0.00541,0.01748,0.01285,-0.003458776135578677,0.015370768888739547,0.012467883199663573
MUR100ITA,EURA14,2018-07-29 11:59:00,-0.00442,0.01511,0.01139,-0.0024687761355786774,0.013000768888739548,0.011007883199663573
MUR100ITA,EURA14,2018-07-30 11:59:00,-0.00494,0.01857,0.0063,-0.002988776135578677,0.016460768888739548,0.0059178831996635735
MUR100ITA,EURA14,2018-07-31 11:59:00,-0.00578,0.01577,0.01441,-0.0038287761355786775,0.013660768888739547,0.014027883199663572
MUR100ITA,EURA14,2018-08-01 11:59:00,-0.0061,0.01496,0.01076,-0.0041487761355786775,0.012850768888739547,0.010377883199663573
MUR100ITA,EURA14,2018-08-02 11:59:00,-0.00336,0.01593,0.01494,-0.0014087761355786774,0.013820768888739548,0.014557883199663573
MUR100ITA,EURA14,2018-08-03 11:59:00,-0.00584,0.0132,0.01008,-0.003888776135578677,0.011090768888739548,0.009697883199663573
MUR100ITA,EURA14,2018-08-04 11:59:00,-0.00348,0.01442,0.00514,-0.0015287761355786773,0.012310768888739549,0.004757883199663573
MUR100ITA,EURA14,2018-08-05 11:59:00,-0.00567,0.01502,0.00821,-0.003718776135578677,0.012910768888739549,0.007827883199663573
MUR100ITA,EURA14,2018-08-06 11:59:00,-0.00103,0.01882,0.0011,0.0009212238644213226,0.016710768888739548,0.0007178831996635731
MUR100ITA,EURA14,2018-08-07 11:59:00,-0.00325,0.01164,0.00766,-0.0012987761355786772,0.009530768888739547,0.007277883199663574
MUR100ITA,EURA14,2018-08-08 11:59:00,-0.00731,0.01439,0.01267,-0.005358776135578677,0.012280768888739548,0.012287883199663573
MUR100ITA,EURA14,2018-08-09 11:59:00,-0.00531,0.0141,0.01397,-0.0033587761355786767,0.011990768888739548,0.013587883199663572
MUR100ITA,EURA14,2018-08-10 11:59:00,-0.00342,0.01565,0.01028,-0.0014687761355786772,0.013540768888739549,0.009897883199663572
MUR100ITA,EURA14,2018-08-11 11:59:00,-0.00575,0.01666,0.00395,-0.003798776135578677,0.01455076888873955,0.0035678831996635734
MUR100ITA,EURA14,2018-08-12 11:59:00,-0.0055,0.01437,0.01549,-0.0035487761355786768,0.012260768888739549,0.015107883199663573
MUR100ITA,EURA14,2018-08-13 11:59:00,-0.00575,0.01608,0.01395,-0.003798776135578677,0.013970768888739549,0.013567883199663573
MUR100ITA,EURA14,2018-08-14 11:59:00,-0.00723,0.0153,0.01567,-0.005278776135578677,0.013190768888739548,0.015287883199663573
MUR100ITA,EURA14,2018-08-15 11:59:00,-0.00655,0.01422,0.00882,-0.004598776135578677,0.012110768888739548,0.008437883199663572
MUR100ITA,EURA14,2018-08-16 11:59:00,-0.00689,0.01456,0.01523,-0.004938776135578677,0.012450768888739548,0.014847883199663573
MUR100ITA,EURA14,2018-08-17 11:59:00,-0.00712,0.01272,0.01613,-0.005168776135578677,0.010610768888739549,0.01574788319966357
MUR100ITA,EURA14,2018-08-18 11:59:00,-0.0043,0.01366,0.00969,-0.002348776135578677,0.011550768888739548,0.009307883199663573
MUR100ITA,EURA14,2018-08-19 11:59:00,-0.00594,0.01281,0.01346,-0.003988776135578677,0.010700768888739548,0.013077883199663572
MUR100ITA,EURA14,2018-08-20 11:59:00,-0.00835,0.01538,0.00771,-0.006398776135578677,0.013270768888739548,0.007327883199663573
MUR100ITA,EURA14,2018-08-21 11:59:00,-0.00768,0.01271,0.00846,-0.005728776135578677,0.010600768888739549,0.008077883199663573
MUR100ITA,EURA14,2018-08-22 11:59:00,-0.00607,0.01319,0.00954,-0.004118776135578677,0.011080768888739548,0.009157883199663572
MUR100ITA,EURA14,2018-08-23 11:59:00,-0.00704,0.01711,0.00233,-0.005088776135578677,0.015000768888739548,0.001947883199663573
MUR100ITA,EURA14,2018-08-24 11:59:00,-0.00544,0.01247,0.01677,-0.0034887761355786775,0.010360768888739548,0.016387883199663573
MUR100ITA,EURA14,2018-08-25 11:59:00,-0.00523,0.01097,0.01349,-0.0032787761355786774,0.008860768888739549,0.013107883199663573
MUR100ITA,EURA14,2018-08-26 11:59:00,-0.00762,0.01519,0.01095,-0.005668776135578677,0.013080768888739549,0.010567883199663572
MUR100ITA,EURA14,2018-08-27 11:59:00,-0.00648,0.01305,0.01349,-0.004528776135578677,0.010940768888739549,0.013107883199663573
MUR100ITA,EURA14,2018-08-28 11:59:00,-0.00652,0.01362,0.01181,-0.004568776135578677,0.011510768888739548,0.011427883199663572
MUR100ITA,EURA14,2018-08-29 11:59:00,-0.00601,0.01422,0.01473,-0.004058776135578677,0.012110768888739548,0.014347883199663573
MUR100ITA,EURA14,2018-08-30 11:59:00,-0.00623,0.01379,0.02118,-0.004278776135578677,0.011680768888739548,0.020797883199663574
MUR100ITA,EURA14,2018-08-31 11:59:00,-0.00436,0.01445,0.01702,-0.0024087761355786773,0.012340768888739547,0.016637883199663573
MUR100ITA,EURA14,2018-09-01 11:59:00,-0.00368,0.01428,0.01591,-0.0017287761355786774,0.012170768888739547,0.015527883199663573
MUR100ITA,EURA14,2018-09-02 11:59:00,-0.00675,0.01373,0.01221,-0.004798776135578677,0.011620768888739547,0.011827883199663573
MUR100ITA,EURA14,2018-09-03 11:59:00,-0.00643,0.01505,0.01387,-0.004478776135578677,0.012940768888739547,0.013487883199663573
MUR100ITA,EURA14,2018-09-04 11:59:00,-0.00511,0.01351,0.01288,-0.003158776135578677,0.011400768888739548,0.012497883199663573
MUR100ITA,EURA14,2018-09-05 11:59:00,-0.00593,0.01267,0.01423,-0.0039787761355786775,0.010560768888739549,0.013847883199663572
MUR100ITA,EURA14,2018-09-06 11:59:00,-0.00833,0.01158,0.01772,-0.006378776135578678,0.009470768888739548,0.017337883199663572
MUR100ITA,EURA14,2018-09-07 11:59:00,-0.00562,0.01355,0.01597,-0.003668776135578677,0.011440768888739548,0.015587883199663574
MUR100ITA,EURA14,2018-09-08 11:59:00,-0.00583,0.01468,0.01337,-0.003878776135578677,0.012570768888739548,0.012987883199663573
MUR100ITA,EURA14,2018-09-09 11:59:00,-0.00672,0.01396,0.01045,-0.004768776135578677,0.011850768888739548,0.010067883199663572
MUR100ITA,EURA14,2018-09-10 11:59:00,-0.00598,0.0138,0.00979,-0.004028776135578677,0.011690768888739548,0.009407883199663573
MUR100ITA,EURA14,2018-09-11 11:59:00,-0.00531,0.01411,0.01669,-0.0033587761355786767,0.012000768888739547,0.016307883199663573
MUR100ITA,EURA14,2018-09-12 11:59:00,-0.00473,0.01371,0.01607,-0.002778776135578677,0.011600768888739548,0.015687883199663574
MUR100ITA,EURA14,2018-09-13 11:59:00,-0.00645,0.01293,0.01492,-0.004498776135578677,0.010820768888739549,0.014537883199663572
MUR100ITA,EURA14,2018-09-14 11:59:00,-0.00619,0.01277,0.01905,-0.004238776135578677,0.010660768888739548,0.018667883199663574
MUR100ITA,EURA14,2018-09-15 11:59:00,-0.00703,0.01309,0.02227,-0.005078776135578677,0.010980768888739547,0.021887883199663574
MUR100ITA,EURA14,2018-09-16 11:59:00,-0.00597,0.01432,0.0176,-0.004018776135578677,0.012210768888739548,0.017217883199663574
MUR100ITA,EURA14,2018-09-17 11:59:00,-0.0058,0.01064,0.01035,-0.0038487761355786767,0.008530768888739548,0.009967883199663572
MUR100ITA,EURA14,2018-09-18 11:59:00,-0.00605,0.01302,0.00595,-0.004098776135578677,0.010910768888739548,0.005567883199663574
MUR100ITA,EURA14,2018-09-19 11:59:00,-0.0056,0.01285,0.00393,-0.003648776135578677,0.010740768888739548,0.0035478831996635734
MUR100ITA,EURA14,2018-09-20 11:59:00,-0.00889,0.01438,0.00944,-0.006938776135578677,0.012270768888739549,0.009057883199663573
MUR100ITA,EURA14,2018-09-21 11:59:00,-0.0062,0.01371,0.01036,-0.004248776135578677,0.011600768888739548,0.009977883199663572
MUR100ITA,EURA14,2018-09-22 11:59:00,-0.00599,0.01403,0.0104,-0.004038776135578677,0.011920768888739549,0.010017883199663572
MUR100ITA,EURA14,2018-09-23 11:59:00,-0.00556,0.0144,0.00823,-0.003608776135578677,0.012290768888739548,0.007847883199663572
MUR100ITA,EURA14,2018-09-24 11:59:00,-0.00665,0.01357,0.01414,-0.004698776135578677,0.011460768888739549,0.013757883199663572
MUR100ITA,EURA14,2018-09-25 11:59:00,-0.0082,0.01358,0.00638,-0.006248776135578678,0.011470768888739548,0.005997883199663574
MUR100ITA,EURA14,2018-09-26 11:59:00,-0.00681,0.01337,0.00732,-0.004858776135578677,0.011260768888739548,0.006937883199663574
MUR100ITA,EURA14,2018-09-27 11:59:00,-0.00373,0.01387,0.00698,-0.0017787761355786771,0.011760768888739549,0.006597883199663574
MUR100ITA,EURA14,2018-09-28 11:59:00,-0.00532,0.01312,0.01129,-0.003368776135578677,0.011010768888739548,0.010907883199663572
MUR100ITA,EURA14,2018-09-29 11:59:00,-0.00735,0.01334,0.01271,-0.005398776135578677,0.011230768888739548,0.012327883199663573
MUR100ITA,EURA14,2018-09-30 11:59:00,-0.00659,0.01288,0.01073,-0.0046387761355786775,0.010770768888739549,0.010347883199663573
MUR100ITA,EURA14,2018-10-01 11:59:00,-0.00644,0.01308,0.01367,-0.0044887761355786775,0.010970768888739548,0.013287883199663572
MUR100ITA,EURA14,2018-10-02 11:59:00,-0.00679,0.01171,0.00806,-0.004838776135578677,0.009600768888739548,0.007677883199663573
MUR100ITA,EURA14,2018-10-03 11:59:00,-0.0078,0.01416,0.00664,-0.005848776135578677,0.012050768888739549,0.0062578831996635735
MUR100ITA,EURA14,2018-10-04 11:59:00,-0.00593,0.01326,0.00983,-0.0039787761355786775,0.011150768888739547,0.009447883199663573
MUR100ITA,EURA14,2018-10-05 11:59:00,-0.00807,0.01392,0.00457,-0.006118776135578678,0.011810768888739548,0.004187883199663574
MUR100ITA,EURA14,2018-10-06 11:59:00,-0.00659,0.01138,0.0149,-0.0046387761355786775,0.009270768888739548,0.014517883199663573
MUR100ITA,EURA14,2018-10-07 11:59:00,-0.0057,0.01272,0.01192,-0.0037487761355786773,0.010610768888739549,0.011537883199663573
MUR100ITA,EURA14,2018-10-08 11:59:00,-0.00573,0.01314,0.01023,-0.003778776135578677,0.011030768888739549,0.009847883199663572
MUR100ITA,EURA14,2018-10-09 11:59:00,-0.00655,0.01319,0.01169,-0.004598776135578677,0.011080768888739548,0.011307883199663573
MUR100ITA,EURA14,2018-10-10 11:59:00,-0.00579,0.01291,0.01117,-0.003838776135578677,0.010800768888739548,0.010787883199663572
MUR100ITA,EURA14,2018-10-11 11:59:00,-0.00635,0.01276,0.008,-0.004398776135578677,0.010650768888739549,0.007617883199663574
MUR100ITA,EURA14,2018-10-12 11:59:00,-0.00754,0.01421,0.01118,-0.005588776135578677,0.012100768888739549,0.010797883199663573
MUR100ITA,EURA14,2018-10-13 11:59:00,-0.00854,0.01297,0.00157,-0.006588776135578678,0.010860768888739549,0.001187883199663573
MUR100ITA,EURA14,2018-10-14 11:59:00,-0.00571,0.01256,0.00702,-0.003758776135578677,0.010450768888739548,0.006637883199663574
MUR100ITA,EURA14,2018-10-15 11:59:00,-0.00728,0.01212,0.01194,-0.005328776135578677,0.010010768888739549,0.011557883199663572
MUR100ITA,EURA14,2018-10-16 11:59:00,-0.00725,0.01251,0.00869,-0.0052987761355786775,0.010400768888739548,0.008307883199663572
MUR100ITA,EURA14,2018-10-17 11:59:00,-0.00779,0.01311,0.01081,-0.005838776135578677,0.011000768888739548,0.010427883199663573
MUR100ITA,EURA14,2018-10-18 11:59:00,-0.0072,0.01267,0.01003,-0.005248776135578677,0.010560768888739549,0.009647883199663573
MUR100ITA,EURA14,2018-10-19 11:59:00,-0.00596,0.01324,0.01245,-0.004008776135578677,0.011130768888739548,0.012067883199663572
MUR100ITA,EURA14,2018-10-20 11:59:00,-0.00683,0.01323,0.00602,-0.004878776135578677,0.011120768888739549,0.005637883199663574
MUR100ITA,EURA14,2018-10-21 11:59:00,-0.00792,0.01323,0.00737,-0.005968776135578677,0.011120768888739549,0.006987883199663573
MUR100ITA,EURA14,2018-10-22 11:59:00,-0.0068,0.01589,0.01774,-0.004848776135578677,0.01378076888873955,0.01735788319966357
MUR100ITA,EURA14,2018-10-23 11:59:00,-0.00636,0.0116,0.00779,-0.004408776135578677,0.009490768888739547,0.0074078831996635735
MUR100ITA,EURA14,2018-10-24 11:59:00,-0.00776,0.01243,0.01365,-0.0058087761355786775,0.010320768888739548,0.013267883199663573
MUR100ITA,EURA14,2018-10-25 11:59:00,-0.00711,0.01262,0.01204,-0.005158776135578677,0.010510768888739547,0.011657883199663573
MUR100ITA,EURA14,2018-10-26 11:59:00,-0.00622,0.01381,0.01161,-0.004268776135578677,0.011700768888739548,0.011227883199663573
MUR100ITA,EURA14,2018-10-27 11:59:00,-0.00239,0.01251,0.01584,-0.0004387761355786775,0.010400768888739548,0.015457883199663573
MUR100ITA,EURA14,2018-10-28 11:59:00,-0.0061,0.01447,0.01453,-0.0041487761355786775,0.012360768888739548,0.014147883199663572
MUR100ITA,EURA14,2018-10-29 11:59:00,-0.00294,0.0135,0.02356,-0.0009887761355786772,0.011390768888739548,0.023177883199663574
MUR100ITA,EURA14,2018-10-30 11:59:00,-0.0032,0.01359,0.01624,-0.0012487761355786775,0.011480768888739548,0.015857883199663574
MUR100ITA,EURA14,2018-10-31 11:59:00,-0.00328,0.01383,0.0057,-0.0013287761355786772,0.011720768888739548,0.005317883199663574
MUR100ITA,EURA14,2018-11-01 11:59:00,-0.00275,0.01419,0.0131,-0.0007987761355786771,0.012080768888739548,0.012717883199663573
MUR100ITA,EURA14,2018-11-02 11:59:00,-0.00315,0.01355,0.00915,-0.0011987761355786773,0.011440768888739548,0.008767883199663573
MUR100ITA,EURA14,2018-11-03 11:59:00,-0.00451,0.01523,0.0094,-0.002558776135578677,0.013120768888739549,0.009017883199663573
MUR100ITA,EURA14,2018-11-04 11:59:00,-0.00402,0.01466,0.00683,-0.0020687761355786772,0.012550768888739548,0.006447883199663574
MUR100ITA,EURA14,2018-11-05 11:59:00,-0.00346,0.01624,0.00966,-0.0015087761355786773,0.014130768888739549,0.009277883199663573
MUR100ITA,EURA14,2018-11-06 11:59:00,-0.00316,0.01545,0.00641,-0.0012087761355786774,0.013340768888739548,0.006027883199663573
MUR100ITA,EURA14,2018-11-07 11:59:00,-0.00383,0.01462,0.0034,-0.0018787761355786774,0.012510768888739547,0.003017883199663573
MUR100ITA,EURA14,2018-11-08 11:59:00,-0.00277,0.01468,0.00601,-0.0008187761355786772,0.012570768888739548,0.005627883199663573
MUR100ITA,EURA14,2018-11-09 11:59:00,-0.00257,0.01412,0.00578,-0.0006187761355786771,0.012010768888739549,0.005397883199663574
MUR100ITA,EURA14,2018-11-10 11:59:00,-0.00346,0.01385,0.00487,-0.0015087761355786773,0.011740768888739548,0.004487883199663574
MUR100ITA,EURA14,2018-11-11 11:59:00,-0.00248,0.01475,0.00631,-0.0005287761355786773,0.012640768888739547,0.005927883199663573
MUR100ITA,EURA14,2018-11-12 11:59:00,-0.00473,0.02041,0.00564,-0.002778776135578677,0.01830076888873955,0.0052578831996635735
MUR100ITA,EURA14,2018-11-13 11:59:00,-0.00264,0.01542,0.0041,-0.0006887761355786773,0.013310768888739548,0.0037178831996635734
MUR100ITA,EURA14,2018-11-14 11:59:00,-0.00271,0.01541,0.00537,-0.0007587761355786775,0.013300768888739548,0.004987883199663573
MUR100ITA,EURA14,2018-11-15 11:59:00,-0.00312,0.01514,0.00362,-0.0011687761355786773,0.013030768888739549,0.003237883199663573
MUR100ITA,EURA14,2018-11-16 11:59:00,-0.00383,0.01549,-3e-05,-0.0018787761355786774,0.013380768888739548,-0.00041211680033642693
MUR100ITA,EURA14,2018-11-17 11:59:00,-0.00424,0.01445,0.0032,-0.002288776135578677,0.012340768888739547,0.002817883199663573
MUR100ITA,EURA14,2018-11-18 11:59:00,-0.00274,0.01568,0.00738,-0.0007887761355786771,0.013570768888739548,0.006997883199663574
MUR100ITA,EURA14,2018-11-19 11:59:00,-0.00268,0.01452,0.01233,-0.0007287761355786774,0.012410768888739548,0.011947883199663573
MUR100ITA,EURA14,2018-11-20 11:59:00,-0.00229,0.01397,0.01278,-0.00033877613557867724,0.011860768888739548,0.012397883199663572
MUR100ITA,EURA14,2018-11-21 11:59:00,-0.00212,0.01492,0.00993,-0.00016877613557867723,0.012810768888739547,0.009547883199663572
MUR100ITA,EURA14,2018-11-22 11:59:00,-0.00293,0.01483,0.00434,-0.0009787761355786772,0.012720768888739548,0.003957883199663574
MUR100ITA,EURA14,2018-11-23 11:59:00,-0.00249,0.01512,0.00198,-0.0005387761355786773,0.013010768888739548,0.001597883199663573
MUR100ITA,EURA14,2018-11-24 11:59:00,-0.00184,0.0141,0.00815,0.00011122386442132264,0.011990768888739548,0.007767883199663573
MUR100ITA,EURA14,2018-11-25 11:59:00,-0.00235,0.01482,0.01353,-0.0003987761355786774,0.012710768888739548,0.013147883199663573
MUR100ITA,EURA14,2018-11-26 11:59:00,-0.0024,0.01509,0.01493,-0.0004487761355786771,0.012980768888739547,0.014547883199663573
MUR100ITA,EURA14,2018-11-27 11:59:00,-0.00189,0.01485,0.00692,6.122386442132272e-05,0.012740768888739549,0.006537883199663573
MUR100ITA,EURA14,2018-11-28 11:59:00,-9e-05,0.01544,0.00437,0.0018612238644213227,0.013330768888739549,0.003987883199663573
MUR100ITA,EURA14,2018-11-29 11:59:00,-0.0029,0.01499,0.00309,-0.0009487761355786771,0.012880768888739548,0.002707883199663573
MUR100ITA,EURA14,2018-11-30 11:59:00,-0.00213,0.0154,0.00505,-0.00017877613557867726,0.013290768888739549,0.004667883199663573
MUR100ITA,EURA14,2018-12-01 11:59:00,-0.00139,0.01562,0.00012,0.0005612238644213227,0.013510768888739548,-0.0002621168003364269
MUR100ITA,EURA14,2018-12-02 11:59:00,-0.00137,0.01576,0.00242,0.0005812238644213228,0.013650768888739548,0.002037883199663573
MUR100ITA,EURA14,2018-12-03 11:59:00,-0.00242,0.01526,0.00436,-0.00046877613557867715,0.013150768888739547,0.003977883199663574
MUR100ITA,EURA14,2018-12-04 11:59:00,-0.0021,0.01511,0.00427,-0.00014877613557867718,0.013000768888739548,0.0038878831996635734
MUR100ITA,EURA14,2018-12-05 11:59:00,-0.00174,0.01543,0.00737,0.00021122386442132268,0.013320768888739547,0.006987883199663573
MUR100ITA,EURA14,2018-12-06 11:59:00,-0.00177,0.01519,0.00853,0.0001812238644213226,0.013080768888739549,0.008147883199663572
MUR100ITA,EURA14,2018-12-07 11:59:00,-0.00265,0.01527,0.00518,-0.0006987761355786773,0.013160768888739549,0.004797883199663573
MUR100ITA,EURA14,2018-12-08 11:59:00,-0.003,0.01588,0.00851,-0.0010487761355786774,0.013770768888739546,0.008127883199663573
MUR100ITA,EURA14,2018-12-09 11:59:00,-0.00168,0.01505,0.01361,0.0002712238644213226,0.012940768888739547,0.013227883199663573
MUR100ITA,EURA14,2018-12-10 11:59:00,-0.00139,0.01504,0.01037,0.0005612238644213227,0.012930768888739548,0.009987883199663573
MUR100ITA,EURA14,2018-12-11 11:59:00,-0.00124,0.01471,0.00816,0.0007112238644213227,0.012600768888739549,0.007777883199663574
MUR100ITA,EURA14,2018-12-12 11:59:00,-0.00188,0.01521,0.00838,7.122386442132275e-05,0.013100768888739548,0.007997883199663573
MUR100ITA,EURA14,2018-12-13 11:59:00,-0.00194,0.01581,0.00781,1.1223864421322591e-05,0.01370076888873955,0.007427883199663574
MUR100ITA,EURA14,2018-12-14 11:59:00,-0.00513,0.01408,0.00607,-0.003178776135578677,0.011970768888739549,0.005687883199663573
MUR100ITA,EURA14,2018-12-15 11:59:00,-0.00446,0.01392,0.00776,-0.0025087761355786775,0.011810768888739548,0.007377883199663574
MUR100ITA,EURA14,2018-12-16 11:59:00,-0.00143,0.01638,0.00953,0.0005212238644213226,0.014270768888739547,0.009147883199663573
MUR100ITA,EURA14,2018-12-17 11:59:00,-0.00364,0.01802,0.00545,-0.0016887761355786773,0.01591076888873955,0.0050678831996635735
MUR100ITA,EURA14,2018-12-18 11:59:00,-0.00106,0.01414,0.00489,0.0008912238644213227,0.012030768888739548,0.004507883199663574
MUR100ITA,EURA14,2018-12-19 11:59:00,-0.00166,0.01502,0.01079,0.0002912238644213227,0.012910768888739549,0.010407883199663572
MUR100ITA,EURA14,2018-12-20 11:59:00,-0.00063,0.0154,0.00685,0.0013212238644213226,0.013290768888739549,0.006467883199663574
MUR100ITA,EURA14,2018-12-21 11:59:00,0.00221,0.01434,0.00418,0.004161223864421323,0.012230768888739548,0.0037978831996635727
MUR100ITA,EURA14,2018-12-22 11:59:00,-0.00011,0.01582,0.00466,0.0018412238644213226,0.013710768888739549,0.0042778831996635736
MUR100ITA,EURA14,2018-12-23 11:59:00,-0.0008,0.01594,0.00792,0.0011512238644213225,0.013830768888739547,0.007537883199663573
MUR100ITA,EURA14,2018-12-24 11:59:00,-0.00147,0.01483,0.00583,0.00048122386442132274,0.012720768888739548,0.005447883199663574
MUR100ITA,EURA14,2018-12-25 11:59:00,0.0,0.01608,0.009,0.0019512238644213227,0.013970768888739549,0.008617883199663572
MUR100ITA,EURA14,2018-12-26 11:59:00,-0.00125,0.01507,0.00683,0.0007012238644213227,0.012960768888739548,0.006447883199663574
MUR100ITA,EURA14,2018-12-27 11:59:00,-0.0019,0.01474,0.00461,5.1223864421322696e-05,0.012630768888739548,0.004227883199663574
MUR100ITA,EURA14,2018-12-28 11:59:00,-0.00184,0.01544,0.00276,0.00011122386442132264,0.013330768888739549,0.002377883199663573
MUR100ITA,EURA14,2018-12-29 11:59:00,-0.00189,0.01513,0.00456,6.122386442132272e-05,0.013020768888739548,0.004177883199663573
MUR100ITA,EURA14,2018-12-30 11:59:00,-0.00327,0.01422,0.00718,-0.0013187761355786772,0.012110768888739548,0.006797883199663573
MUR100ITA,EURA14,2018-12-31 11:59:00,-0.00251,0.01473,0.00639,-0.0005587761355786774,0.012620768888739548,0.006007883199663573
MUR100ITA,EURA14,2019-01-01 11:59:00,-0.0011,0.01443,0.00662,0.0008512238644213226,0.012320768888739548,0.0062378831996635735
MUR100ITA,EURA14,2019-01-02 11:59:00,-0.00282,0.01583,0.01092,-0.0008687761355786773,0.013720768888739548,0.010537883199663572
MUR100ITA,EURA14,2019-01-03 11:59:00,-0.0043,0.01509,0.01064,-0.002348776135578677,0.012980768888739547,0.010257883199663573
MUR100ITA,EURA14,2019-01-04 11:59:00,-0.00377,0.01415,0.00812,-0.0018187761355786772,0.012040768888739548,0.007737883199663574
MUR100ITA,EURA14,2019-01-05 11:59:00,-0.00244,0.01608,0.00802,-0.0004887761355786772,0.013970768888739549,0.007637883199663573
MUR100ITA,EURA14,2019-01-06 11:59:00,-0.00219,0.01569,0.0094,-0.00023877613557867741,0.013580768888739547,0.009017883199663573
MUR100ITA,EURA14,2019-01-07 11:59:00,-0.00271,0.01589,0.00569,-0.0007587761355786775,0.01378076888873955,0.005307883199663573
MUR100ITA,EURA14,2019-01-08 11:59:00,-0.0018,0.01593,0.00914,0.00015122386442132274,0.013820768888739548,0.008757883199663573
MUR100ITA,EURA14,2019-01-09 11:59:00,-0.00167,0.01506,0.00995,0.00028122386442132265,0.012950768888739549,0.009567883199663573
MUR100ITA,EURA14,2019-01-10 11:59:00,-0.00399,0.01248,0.01367,-0.0020387761355786767,0.010370768888739548,0.013287883199663572
MUR100ITA,EURA14,2019-01-11 11:59:00,-0.00281,0.01536,0.00586,-0.0008587761355786773,0.013250768888739549,0.005477883199663573
MUR100ITA,EURA14,2019-01-12 11:59:00,-0.00166,0.01551,0.01059,0.0002912238644213227,0.013400768888739548,0.010207883199663573
MUR100ITA,EURA14,2019-01-13 11:59:00,-0.00224,0.01445,0.01256,-0.0002887761355786771,0.012340768888739547,0.012177883199663573
MUR100ITA,EURA14,2019-01-14 11:59:00,-0.0023,0.01389,0.01255,-0.00034877613557867727,0.011780768888739548,0.012167883199663573
MUR100ITA,EURA14,2019-01-15 11:59:00,-0.00146,0.01419,0.00809,0.0004912238644213228,0.012080768888739548,0.0077078831996635734
MUR100ITA,EURA14,2019-01-16 11:59:00,-0.00045,0.01466,0.00461,0.0015012238644213226,0.012550768888739548,0.004227883199663574
MUR100ITA,EURA14,2019-01-17 11:59:00,6e-05,0.01509,0.00448,0.0020112238644213226,0.012980768888739547,0.004097883199663573
MUR100ITA,EURA14,2019-01-18 11:59:00,-0.00136,0.01563,0.00793,0.0005912238644213226,0.01352076888873955,0.007547883199663573
MUR100ITA,EURA14,2019-01-19 11:59:00,-0.00049,0.01547,0.0072,0.0014612238644213227,0.013360768888739548,0.006817883199663573
MUR100ITA,EURA14,2019-01-20 11:59:00,0.00023,0.01578,0.00796,0.0021812238644213226,0.013670768888739547,0.0075778831996635735
MUR100ITA,EURA14,2019-01-21 11:59:00,-0.00165,0.01621,0.01033,0.0003012238644213227,0.014100768888739547,0.009947883199663573
MUR100ITA,EURA14,2019-01-22 11:59:00,-0.00071,0.01494,0.00968,0.0012412238644213228,0.012830768888739548,0.009297883199663572
MUR100ITA,EURA14,2019-01-23 11:59:00,-0.00039,0.01476,0.01267,0.0015612238644213228,0.012650768888739549,0.012287883199663573
MUR100ITA,EURA14,2019-01-24 11:59:00,-0.00171,0.01278,0.01552,0.00024122386442132276,0.010670768888739548,0.015137883199663573
MUR100ITA,EURA14,2019-01-25 11:59:00,-0.00122,0.01612,0.00592,0.0007312238644213227,0.014010768888739547,0.005537883199663573
MUR100ITA,EURA14,2019-01-26 11:59:00,-0.00061,0.01647,0.00827,0.0013412238644213226,0.014360768888739547,0.007887883199663572
MUR100ITA,EURA14,2019-01-27 11:59:00,0.00234,0.01539,0.01096,0.004291223864421323,0.013280768888739547,0.010577883199663572
MUR100ITA,EURA14,2019-01-28 11:59:00,0.0017,0.01423,0.01228,0.0036512238644213226,0.012120768888739548,0.011897883199663572
MUR100ITA,EURA14,2019-01-29 11:59:00,0.00121,0.01514,0.01,0.0031612238644213226,0.013030768888739549,0.009617883199663573
MUR100ITA,EURA14,2019-01-30 11:59:00,-0.00011,0.01536,0.01271,0.0018412238644213226,0.013250768888739549,0.012327883199663573
MUR100ITA,EURA14,2019-01-31 11:59:00,0.00113,0.01644,0.00627,0.003081223864421323,0.014330768888739548,0.005887883199663574
MUR100ITA,EURA14,2019-02-01 11:59:00,0.00491,0.01659,0.01131,0.006861223864421323,0.014480768888739549,0.010927883199663573
MUR100ITA,EURA14,2019-02-02 11:59:00,0.0006,0.01587,0.00859,0.0025512238644213227,0.013760768888739547,0.008207883199663573
MUR100ITA,EURA14,2019-02-03 11:59:00,-0.0004,0.01639,0.01065,0.0015512238644213227,0.014280768888739546,0.010267883199663572
MUR100ITA,EURA14,2019-02-04 11:59:00,-0.00108,0.01599,-0.00039,0.0008712238644213227,0.013880768888739549,-0.0007721168003364269
MUR100ITA,EURA14,2019-02-05 11:59:00,-0.0009,0.01584,0.00473,0.0010512238644213227,0.013730768888739548,0.004347883199663573
MUR100ITA,EURA14,2019-02-06 11:59:00,0.00173,0.01734,-0.00013,0.0036812238644213227,0.01523076888873955,-0.0005121168003364269
MUR100ITA,EURA14,2019-02-07 11:59:00,-0.00049,0.01595,0.00729,0.0014612238644213227,0.013840768888739547,0.006907883199663573
MUR100ITA,EURA14,2019-02-08 11:59:00,-0.00055,0.01554,0.00757,0.0014012238644213228,0.013430768888739548,0.007187883199663574
MUR100ITA,EURA14,2019-02-09 11:59:00,-0.001,0.01582,0.00641,0.0009512238644213227,0.013710768888739549,0.006027883199663573
MUR100ITA,EURA14,2019-02-10 11:59:00,0.00055,0.01705,0.00452,0.0025012238644213226,0.014940768888739547,0.004137883199663573
MUR100ITA,EURA14,2019-02-11 11:59:00,-0.00121,0.01563,0.00854,0.0007412238644213228,0.01352076888873955,0.008157883199663573
MUR100ITA,EURA14,2019-02-12 11:59:00,-0.0007,0.01614,0.00463,0.0012512238644213228,0.01403076888873955,0.004247883199663573
MUR100ITA,EURA14,2019-02-13 11:59:00,-0.00182,0.01597,0.0034,0.0001312238644213227,0.01386076888873955,0.003017883199663573
MUR100ITA,EURA14,2019-02-14 11:59:00,-0.00176,0.01712,0.00393,0.00019122386442132263,0.015010768888739548,0.0035478831996635734
MUR100ITA,EURA14,2019-02-15 11:59:00,-0.00184,0.01575,0.00421,0.00011122386442132264,0.013640768888739548,0.0038278831996635732
MUR100ITA,EURA14,2019-02-16 11:59:00,-0.00205,0.01704,0.00361,-9.877613557867748e-05,0.014930768888739548,0.003227883199663573
MUR100ITA,EURA14,2019-02-17 11:59:00,-0.00178,0.01681,0.00756,0.0001712238644213228,0.014700768888739547,0.007177883199663573
MUR100ITA,EURA14,2019-02-18 11:59:00,-0.00124,0.01625,0.00437,0.0007112238644213227,0.014140768888739549,0.003987883199663573
MUR100ITA,EURA14,2019-02-19 11:59:00,-0.00146,0.01656,0.00542,0.0004912238644213228,0.014450768888739546,0.005037883199663574
MUR100ITA,EURA14,2019-02-20 11:59:00,-0.00154,0.01659,0.00851,0.0004112238644213228,0.014480768888739549,0.008127883199663573
MUR100ITA,EURA14,2019-02-21 11:59:00,-0.00184,0.01633,0.00772,0.00011122386442132264,0.014220768888739549,0.007337883199663574
MUR100ITA,EURA14,2019-02-22 11:59:00,-0.0008,0.01652,0.00809,0.0011512238644213225,0.014410768888739548,0.0077078831996635734
MUR100ITA,EURA14,2019-02-23 11:59:00,-0.00208,0.01823,0.01929,-0.00012877613557867713,0.016120768888739548,0.018907883199663574
MUR100ITA,EURA14,2019-02-24 11:59:00,-0.00205,0.01716,0.01155,-9.877613557867748e-05,0.01505076888873955,0.011167883199663572
MUR100ITA,EURA14,2019-02-25 11:59:00,-0.00195,0.01612,0.0133,1.223864421322782e-06,0.014010768888739547,0.012917883199663572
MUR100ITA,EURA14,2019-02-26 11:59:00,-0.00465,0.01578,0.01295,-0.0026987761355786767,0.013670768888739547,0.012567883199663572
MUR100ITA,EURA14,2019-02-27 11:59:00,-0.00174,0.01646,0.01245,0.00021122386442132268,0.014350768888739547,0.012067883199663572
MUR100ITA,EURA14,2019-02-28 11:59:00,-0.00119,0.01684,0.01035,0.0007612238644213226,0.014730768888739549,0.009967883199663572
MUR100ITA,EURA14,2019-03-01 11:59:00,-0.00173,0.01572,0.01355,0.0002212238644213227,0.01361076888873955,0.013167883199663572
MUR100ITA,EURA14,2019-03-02 11:59:00,-0.00109,0.01564,0.01216,0.0008612238644213227,0.01353076888873955,0.011777883199663573
MUR100ITA,EURA14,2019-03-03 11:59:00,-0.00115,0.01689,0.00789,0.0008012238644213227,0.014780768888739547,0.007507883199663573
MUR100ITA,EURA14,2019-03-04 11:59:00,0.00265,0.01492,0.01233,0.0046012238644213225,0.012810768888739547,0.011947883199663573
MUR100ITA,EURA14,2019-03-05 11:59:00,-0.00107,0.01504,0.01125,0.0008812238644213227,0.012930768888739548,0.010867883199663572
MUR100ITA,EURA14,2019-03-06 11:59:00,-0.00054,0.01661,0.00668,0.0014112238644213228,0.014500768888739548,0.006297883199663574
MUR100ITA,EURA14,2019-03-07 11:59:00,0.00196,0.01679,0.01217,0.003911223864421323,0.014680768888739548,0.011787883199663573
MUR100ITA,EURA14,2019-03-08 11:59:00,0.0007,0.01818,0.00668,0.0026512238644213226,0.01607076888873955,0.006297883199663574
MUR100ITA,EURA14,2019-03-09 11:59:00,0.00043,0.01628,0.00644,0.0023812238644213227,0.014170768888739547,0.006057883199663574
MUR100ITA,EURA14,2019-03-10 11:59:00,-0.00066,0.01644,0.00763,0.0012912238644213227,0.014330768888739548,0.007247883199663573
MUR100ITA,EURA14,2019-03-11 11:59:00,-0.00082,0.01691,0.01297,0.0011312238644213227,0.01480076888873955,0.012587883199663573
MUR100ITA,EURA14,2019-03-12 11:59:00,-0.00082,0.01703,0.00971,0.0011312238644213227,0.014920768888739548,0.009327883199663572
MUR100ITA,EURA14,2019-03-13 11:59:00,-0.00085,0.01613,0.01274,0.0011012238644213228,0.014020768888739547,0.012357883199663572
MUR100ITA,EURA14,2019-03-14 11:59:00,0.00016,0.0168,0.01143,0.002111223864421323,0.014690768888739547,0.011047883199663572
MUR100ITA,EURA14,2019-03-15 11:59:00,-0.00062,0.01695,0.01356,0.0013312238644213226,0.014840768888739548,0.013177883199663572
MUR100ITA,EURA14,2019-03-16 11:59:00,0.00015,0.01734,0.00976,0.002101223864421323,0.01523076888873955,0.009377883199663572
MUR100ITA,EURA14,2019-03-17 11:59:00,0.00059,0.01677,0.01014,0.0025412238644213227,0.014660768888739548,0.009757883199663572
MUR100ITA,EURA14,2019-03-18 11:59:00,-0.00034,0.01812,0.01058,0.0016112238644213227,0.01601076888873955,0.010197883199663573
MUR100ITA,EURA14,2019-03-19 11:59:00,0.00012,0.01788,0.00613,0.002071223864421323,0.015770768888739548,0.0057478831996635735
MUR100ITA,EURA14,2019-03-20 11:59:00,-9e-05,0.01724,0.00891,0.0018612238644213227,0.015130768888739547,0.008527883199663572
MUR100ITA,EURA14,2019-03-21 11:59:00,0.00045,0.0181,0.00742,0.002401223864421323,0.01599076888873955,0.007037883199663574
MUR100ITA,EURA14,2019-03-22 11:59:00,-2e-05,0.019,0.00918,0.0019312238644213226,0.016890768888739548,0.008797883199663573
MUR100ITA,EURA14,2019-03-23 11:59:00,-0.00073,0.01823,0.00874,0.0012212238644213227,0.016120768888739548,0.008357883199663572
MUR100ITA,EURA14,2019-03-24 11:59:00,-3e-05,0.01798,0.01157,0.0019212238644213226,0.015870768888739548,0.011187883199663573
MUR100ITA,EURA14,2019-03-25 11:59:00,-2e-05,0.01855,0.01243,0.0019312238644213226,0.01644076888873955,0.012047883199663573
MUR100ITA,EURA14,2019-03-26 11:59:00,0.00048,0.01779,0.00921,0.002431223864421323,0.01568076888873955,0.008827883199663572
MUR100ITA,EURA14,2019-03-27 11:59:00,4e-05,0.01741,0.01305,0.0019912238644213226,0.015300768888739547,0.012667883199663573
MUR100ITA,EURA14,2019-03-28 11:59:00,-0.00053,0.01827,0.00347,0.0014212238644213228,0.01616076888873955,0.003087883199663573
MUR100ITA,EURA14,2019-03-29 11:59:00,0.00034,0.01829,0.00798,0.002291223864421323,0.01618076888873955,0.007597883199663573
MUR100ITA,EURA14,2019-03-30 11:59:00,0.00053,0.01778,0.01048,0.0024812238644213226,0.01567076888873955,0.010097883199663572
MUR100ITA,EURA14,2019-03-31 11:59:00,0.00012,0.01837,0.01005,0.002071223864421323,0.01626076888873955,0.009667883199663573
MUR100ITA,EURA14,2019-04-01 11:59:00,-0.00016,0.0189,0.01316,0.0017912238644213227,0.01679076888873955,0.012777883199663572
MUR100ITA,EURA14,2019-04-02 11:59:00,-3e-05,0.0179,0.01008,0.0019212238644213226,0.015790768888739547,0.009697883199663573
MUR100ITA,EURA14,2019-04-03 11:59:00,0.00101,0.01726,0.00909,0.0029612238644213225,0.01515076888873955,0.008707883199663573
MUR100ITA,EURA14,2019-04-04 11:59:00,0.0002,0.0174,0.00835,0.0021512238644213226,0.015290768888739547,0.007967883199663572
MUR100ITA,EURA14,2019-04-05 11:59:00,0.00163,0.01837,0.00803,0.0035812238644213224,0.01626076888873955,0.007647883199663574
MUR100ITA,EURA14,2019-04-06 11:59:00,0.00075,0.01756,0.01253,0.0027012238644213227,0.015450768888739547,0.012147883199663572
MUR100ITA,EURA14,2019-04-07 11:59:00,0.00065,0.01842,0.01135,0.0026012238644213224,0.016310768888739547,0.010967883199663573
MUR100ITA,EURA14,2019-04-08 11:59:00,0.00059,0.01795,0.00911,0.0025412238644213227,0.01584076888873955,0.008727883199663573
MUR100ITA,EURA14,2019-04-09 11:59:00,0.00053,0.01764,0.01374,0.0024812238644213226,0.015530768888739548,0.013357883199663573
MUR100ITA,EURA14,2019-04-10 11:59:00,0.00031,0.01848,0.00876,0.002261223864421323,0.016370768888739548,0.008377883199663573
MUR100ITA,EURA14,2019-04-11 11:59:00,0.00055,0.01824,0.00899,0.0025012238644213226,0.016130768888739547,0.008607883199663572
MUR100ITA,EURA14,2019-04-12 11:59:00,0.00014,0.01888,0.00795,0.002091223864421323,0.01677076888873955,0.007567883199663574
MUR100ITA,EURA14,2019-04-13 11:59:00,0.00058,0.01884,0.00432,0.0025312238644213227,0.016730768888739547,0.0039378831996635735
MUR100ITA,EURA14,2019-04-14 11:59:00,0.00114,0.01887,0.00435,0.0030912238644213224,0.01676076888873955,0.003967883199663573
MUR100ITA,EURA14,2019-04-15 11:59:00,0.00062,0.01888,0.00254,0.002571223864421323,0.01677076888873955,0.002157883199663573
MUR100ITA,EURA14,2019-04-16 11:59:00,-0.00011,0.0184,0.00421,0.0018412238644213226,0.016290768888739548,0.0038278831996635732
MUR100ITA,EURA14,2019-04-17 11:59:00,0.00131,0.02007,0.00595,0.0032612238644213224,0.01796076888873955,0.005567883199663574
MUR100ITA,EURA14,2019-04-18 11:59:00,2e-05,0.01919,0.0036,0.0019712238644213225,0.017080768888739547,0.003217883199663573
MUR100ITA,EURA14,2019-04-19 11:59:00,-0.00067,0.01939,0.00524,0.0012812238644213227,0.01728076888873955,0.004857883199663573
MUR100ITA,EURA14,2019-04-20 11:59:00,-0.00065,0.01923,0.00326,0.0013012238644213227,0.01712076888873955,0.002877883199663573
MUR100ITA,EURA14,2019-04-21 11:59:00,0.00027,0.0189,0.008,0.0022212238644213228,0.01679076888873955,0.007617883199663574
MUR100ITA,EURA14,2019-04-22 11:59:00,-0.0009,0.01798,0.00756,0.0010512238644213227,0.015870768888739548,0.007177883199663573
MUR100ITA,EURA14,2019-04-23 11:59:00,0.00106,0.01845,0.00504,0.0030112238644213227,0.01634076888873955,0.004657883199663574
MUR100ITA,EURA14,2019-04-24 11:59:00,-0.00019,0.01916,0.0012,0.0017612238644213226,0.017050768888739548,0.0008178831996635729
MUR100ITA,EURA14,2019-04-25 11:59:00,-0.00034,0.01917,0.00508,0.0016112238644213227,0.017060768888739548,0.004697883199663574
MUR100ITA,EURA14,2019-04-26 11:59:00,0.00012,0.01938,0.00367,0.002071223864421323,0.01727076888873955,0.003287883199663573
MUR100ITA,EURA14,2019-04-27 11:59:00,-0.00086,0.01854,0.00579,0.0010912238644213228,0.01643076888873955,0.0054078831996635735
MUR100ITA,EURA14,2019-04-28 11:59:00,-1e-05,0.0174,0.00375,0.0019412238644213227,0.015290768888739547,0.003367883199663573
MUR100ITA,EURA14,2019-04-29 11:59:00,0.00109,0.01804,0.00494,0.0030412238644213227,0.01593076888873955,0.004557883199663573
MUR100ITA,EURA14,2019-04-30 11:59:00,0.00039,0.01803,0.00391,0.0023412238644213226,0.01592076888873955,0.0035278831996635733
MUR100ITA,EURA14,2019-05-01 11:59:00,0.00014,0.01792,0.00788,0.002091223864421323,0.015810768888739547,0.007497883199663573
MUR100ITA,EURA14,2019-05-02 11:59:00,0.00092,0.0191,0.00649,0.0028712238644213227,0.016990768888739547,0.006107883199663574
MUR100ITA,EURA14,2019-05-03 11:59:00,-0.0002,0.01799,0.00327,0.0017512238644213226,0.015880768888739547,0.002887883199663573
MUR100ITA,EURA14,2019-05-04 11:59:00,0.00085,0.01813,0.00699,0.0028012238644213225,0.01602076888873955,0.006607883199663573
MUR100ITA,EURA14,2019-05-05 11:59:00,-0.00092,0.01805,0.01077,0.0010312238644213227,0.015940768888739548,0.010387883199663573
MUR100ITA,EURA14,2019-05-06 11:59:00,-4e-05,0.01812,0.00467,0.0019112238644213226,0.01601076888873955,0.004287883199663573
MUR100ITA,EURA14,2019-05-07 11:59:00,0.0007,0.01767,0.00119,0.0026512238644213226,0.01556076888873955,0.0008078831996635731
MUR100ITA,EURA14,2019-05-08 11:59:00,-0.0009,0.0178,0.00347,0.0010512238644213227,0.015690768888739548,0.003087883199663573
MUR100ITA,EURA14,2019-05-09 11:59:00,0.00109,0.01872,0.00996,0.0030412238644213227,0.01661076888873955,0.009577883199663573
MUR100ITA,EURA14,2019-05-10 11:59:00,-0.00065,0.01777,0.00355,0.0013012238644213227,0.01566076888873955,0.0031678831996635732
MUR100ITA,EURA14,2019-05-11 11:59:00,-0.00167,0.01837,-0.00179,0.00028122386442132265,0.01626076888873955,-0.002172116800336427
MUR100ITA,EURA14,2019-05-12 11:59:00,-0.00096,0.01885,0.00486,0.0009912238644213226,0.016740768888739547,0.004477883199663573
MUR100ITA,EURA14,2019-05-13 11:59:00,-0.00443,0.0168,-0.00529,-0.002478776135578677,0.014690768888739547,-0.005672116800336427
MUR100ITA,EURA14,2019-05-14 11:59:00,0.00031,0.01818,0.00648,0.002261223864421323,0.01607076888873955,0.006097883199663573
MUR100ITA,EURA14,2019-05-15 11:59:00,-0.00047,0.01946,0.00365,0.0014812238644213228,0.01735076888873955,0.003267883199663573
MUR100ITA,EURA14,2019-05-16 11:59:00,6e-05,0.01918,0.00463,0.0020112238644213226,0.017070768888739547,0.004247883199663573
MUR100ITA,EURA14,2019-05-17 11:59:00,-0.00075,0.01842,0.0059,0.0012012238644213227,0.016310768888739547,0.005517883199663573
MUR100ITA,EURA14,2019-05-18 11:59:00,-0.00056,0.01961,0.01145,0.0013912238644213227,0.017500768888739547,0.011067883199663573
MUR100ITA,EURA14,2019-05-19 11:59:00,-0.00082,0.01909,0.00718,0.0011312238644213227,0.016980768888739547,0.006797883199663573
MUR100ITA,EURA14,2019-05-20 11:59:00,-0.00081,0.01896,0.00423,0.0011412238644213227,0.01685076888873955,0.0038478831996635733
MUR100ITA,EURA14,2019-05-21 11:59:00,-0.0002,0.0187,0.00215,0.0017512238644213226,0.01659076888873955,0.001767883199663573
MUR100ITA,EURA14,2019-05-22 11:59:00,-6e-05,0.01889,0.00481,0.0018912238644213228,0.01678076888873955,0.0044278831996635735
MUR100ITA,EURA14,2019-05-23 11:59:00,-0.00136,0.01893,0.00559,0.0005912238644213226,0.016820768888739547,0.005207883199663574
MUR100ITA,EURA14,2019-05-24 11:59:00,-0.00058,0.01717,0.00725,0.0013712238644213227,0.01506076888873955,0.006867883199663574
MUR100ITA,EURA14,2019-05-25 11:59:00,-0.00166,0.01729,0.00452,0.0002912238644213227,0.015180768888739548,0.004137883199663573
MUR100ITA,EURA14,2019-05-26 11:59:00,-0.00049,0.01872,0.00795,0.0014612238644213227,0.01661076888873955,0.007567883199663574
MUR100ITA,EURA14,2019-05-27 11:59:00,-0.00026,0.01797,0.00937,0.0016912238644213227,0.015860768888739548,0.008987883199663572
MUR100ITA,EURA14,2019-05-28 11:59:00,-3e-05,0.01832,0.01357,0.0019212238644213226,0.016210768888739548,0.013187883199663573
MUR100ITA,EURA14,2019-05-29 11:59:00,-0.00087,0.01818,0.01067,0.0010812238644213228,0.01607076888873955,0.010287883199663573
MUR100ITA,EURA14,2019-05-30 11:59:00,-0.00101,0.01846,0.00447,0.0009412238644213226,0.01635076888873955,0.0040878831996635735
MUR100ITA,EURA14,2019-05-31 11:59:00,-0.00222,0.0178,0.009,-0.0002687761355786775,0.015690768888739548,0.008617883199663572
MUR100ITA,EURA14,2019-06-01 11:59:00,-0.00112,0.02113,0.0088,0.0008312238644213228,0.019020768888739548,0.008417883199663573
MUR100ITA,EURA14,2019-06-02 11:59:00,-0.00304,0.01754,0.0061,-0.0010887761355786775,0.015430768888739548,0.005717883199663574
MUR100ITA,EURA14,2019-06-03 11:59:00,-0.00058,0.01948,0.00518,0.0013712238644213227,0.01737076888873955,0.004797883199663573
MUR100ITA,EURA14,2019-06-04 11:59:00,0.00068,0.01913,0.01129,0.002631223864421323,0.01702076888873955,0.010907883199663572
MUR100ITA,EURA14,2019-06-05 11:59:00,-0.00168,0.01924,0.0154,0.0002712238644213226,0.01713076888873955,0.015017883199663573
MUR100ITA,EURA14,2019-06-06 11:59:00,-0.002,0.01838,0.00561,-4.877613557867735e-05,0.01627076888873955,0.005227883199663574
MUR100ITA,EURA14,2019-06-07 11:59:00,-0.00101,0.019,0.00829,0.0009412238644213226,0.016890768888739548,0.007907883199663573
MUR100ITA,EURA14,2019-06-08 11:59:00,9e-05,0.01918,0.00454,0.0020412238644213227,0.017070768888739547,0.004157883199663573
MUR100ITA,EURA14,2019-06-09 11:59:00,-0.002,0.02045,0.00359,-4.877613557867735e-05,0.018340768888739548,0.003207883199663573
MUR100ITA,EURA14,2019-06-10 11:59:00,-3e-05,0.01936,0.00809,0.0019212238644213226,0.017250768888739547,0.0077078831996635734
MUR100ITA,EURA14,2019-06-11 11:59:00,-0.00055,0.02082,0.01245,0.0014012238644213228,0.01871076888873955,0.012067883199663572
MUR100ITA,EURA14,2019-06-12 11:59:00,-0.0007,0.01792,0.01271,0.0012512238644213228,0.015810768888739547,0.012327883199663573
MUR100ITA,EURA14,2019-06-13 11:59:00,-0.00046,0.01876,0.00861,0.0014912238644213226,0.016650768888739547,0.008227883199663572
MUR100ITA,EURA14,2019-06-14 11:59:00,0.00033,0.01869,0.00947,0.0022812238644213225,0.016580768888739546,0.009087883199663572
MUR100ITA,EURA14,2019-06-15 11:59:00,-0.00084,0.01893,0.01494,0.0011112238644213227,0.016820768888739547,0.014557883199663573
MUR100ITA,EURA14,2019-06-16 11:59:00,-0.0014,0.01961,0.00889,0.0005512238644213227,0.017500768888739547,0.008507883199663573
MUR100ITA,EURA14,2019-06-17 11:59:00,-0.00207,0.01788,0.01507,-0.0001187761355786771,0.015770768888739548,0.014687883199663573
MUR100ITA,EURA14,2019-06-18 11:59:00,-0.00017,0.02042,0.01038,0.0017812238644213227,0.01831076888873955,0.009997883199663573
MUR100ITA,EURA14,2019-06-19 11:59:00,-0.00098,0.01968,0.00711,0.0009712238644213227,0.017570768888739548,0.0067278831996635735
MUR100ITA,EURA14,2019-06-20 11:59:00,-0.00068,0.0195,0.01546,0.0012712238644213226,0.017390768888739548,0.015077883199663572
MUR100ITA,EURA14,2019-06-21 11:59:00,-0.00107,0.01979,0.01556,0.0008812238644213227,0.017680768888739547,0.015177883199663572
MUR100ITA,EURA14,2019-06-22 11:59:00,0.00064,0.01925,0.00822,0.002591223864421323,0.017140768888739548,0.007837883199663572
MUR100ITA,EURA14,2019-06-23 11:59:00,-0.00187,0.01918,0.0078,8.122386442132278e-05,0.017070768888739547,0.007417883199663573
MUR100ITA,EURA14,2019-06-24 11:59:00,-0.00162,0.01999,0.0083,0.0003312238644213228,0.01788076888873955,0.007917883199663573
MUR100ITA,EURA14,2019-06-25 11:59:00,-0.00258,0.02015,0.00481,-0.0006287761355786771,0.01804076888873955,0.0044278831996635735
MUR100ITA,EURA14,2019-06-26 11:59:00,-0.00854,0.01673,0.00279,-0.006588776135578678,0.014620768888739546,0.002407883199663573
MUR100ITA,EURA14,2019-06-27 11:59:00,-0.00229,0.01806,0.00736,-0.00033877613557867724,0.015950768888739548,0.006977883199663574
MUR100ITA,EURA14,2019-06-28 11:59:00,-0.0007,0.0212,0.00673,0.0012512238644213228,0.019090768888739548,0.006347883199663573
MUR100ITA,EURA14,2019-06-29 11:59:00,-0.00031,0.0186,0.00498,0.0016412238644213227,0.016490768888739547,0.0045978831996635735
MUR100ITA,EURA14,2019-06-30 11:59:00,-0.00181,0.02073,0.0059,0.00014122386442132272,0.018620768888739547,0.005517883199663573
MUR100ITA,EURA14,2019-07-01 11:59:00,-0.00014,0.01926,0.01117,0.0018112238644213228,0.017150768888739547,0.010787883199663572
MUR100ITA,EURA14,2019-07-02 11:59:00,0.00057,0.02204,0.01721,0.0025212238644213227,0.01993076888873955,0.016827883199663572
MUR100ITA,EURA14,2019-07-03 11:59:00,0.00407,0.01621,0.01107,0.006021223864421323,0.014100768888739547,0.010687883199663573
MUR100ITA,EURA14,2019-07-04 11:59:00,-0.00015,0.02067,0.0127,0.0018012238644213227,0.01856076888873955,0.012317883199663572
MUR100ITA,EURA14,2019-07-05 11:59:00,-0.00071,0.01884,0.0067,0.0012412238644213228,0.016730768888739547,0.006317883199663574
MUR100ITA,EURA14,2019-07-06 11:59:00,-0.0012,0.01798,0.00355,0.0007512238644213228,0.015870768888739548,0.0031678831996635732
MUR100ITA,EURA14,2019-07-07 11:59:00,-0.00134,0.02013,0.0051,0.0006112238644213226,0.018020768888739547,0.004717883199663574
MUR100ITA,EURA14,2019-07-08 11:59:00,-0.00097,0.02012,0.01355,0.0009812238644213225,0.018010768888739547,0.013167883199663572
MUR100ITA,EURA14,2019-07-09 11:59:00,-0.00244,0.01913,0.00489,-0.0004887761355786772,0.01702076888873955,0.004507883199663574
MUR100ITA,EURA14,2019-07-10 11:59:00,-0.0023,0.01892,0.00209,-0.00034877613557867727,0.016810768888739547,0.0017078831996635729
MUR100ITA,EURA14,2019-07-11 11:59:00,-0.00169,0.01961,0.01363,0.0002612238644213226,0.017500768888739547,0.013247883199663572
MUR100ITA,EURA14,2019-07-12 11:59:00,-0.00023,0.01772,0.00742,0.0017212238644213227,0.015610768888739548,0.007037883199663574
MUR100ITA,EURA14,2019-07-13 11:59:00,-0.0023,0.02143,0.00857,-0.00034877613557867727,0.01932076888873955,0.008187883199663572
MUR100ITA,EURA14,2019-10-02 11:59:00,-0.00445,0.01333,0.0172,0.0011168165697720256,0.013101491152537344,0.014705718760735982
MUR100ITA,EURA14,2019-10-03 11:59:00,-0.00649,0.01495,0.00729,-0.0009231834302279745,0.014721491152537344,0.004795718760735984
MUR100ITA,EURA14,2019-10-04 11:59:00,-0.00705,0.01344,0.01394,-0.0014831834302279742,0.013211491152537344,0.011445718760735982
MUR100ITA,EURA14,2019-10-05 11:59:00,-0.00638,0.01408,0.01177,-0.0008131834302279746,0.013851491152537344,0.009275718760735982
MUR100ITA,EURA14,2019-10-06 11:59:00,-0.00634,0.01493,0.01466,-0.0007731834302279745,0.014701491152537344,0.012165718760735982
MUR100ITA,EURA14,2019-10-07 11:59:00,-0.00626,0.01373,0.01148,-0.0006931834302279743,0.013501491152537343,0.008985718760735983
MUR100ITA,EURA14,2019-10-08 11:59:00,-0.007,0.01475,0.00605,-0.0014331834302279745,0.014521491152537343,0.0035557187607359836
MUR100ITA,EURA14,2019-10-09 11:59:00,-0.00696,0.01342,0.00414,-0.0013931834302279744,0.013191491152537344,0.001645718760735983
MUR100ITA,EURA14,2019-10-10 11:59:00,-0.00662,0.01369,0.00701,-0.0010531834302279744,0.013461491152537345,0.004515718760735983
MUR100ITA,EURA14,2019-10-11 11:59:00,-0.00768,0.0147,0.01034,-0.0021131834302279746,0.014471491152537343,0.007845718760735983
MUR100ITA,EURA14,2019-10-12 11:59:00,-0.00604,0.01392,0.00589,-0.0004731834302279746,0.013691491152537344,0.003395718760735984
MUR100ITA,EURA14,2019-10-13 11:59:00,-0.00632,0.01348,0.00685,-0.0007531834302279745,0.013251491152537345,0.004355718760735984
MUR100ITA,EURA14,2019-10-14 11:59:00,-0.00633,0.01422,0.00646,-0.0007631834302279741,0.013991491152537344,0.003965718760735983
MUR100ITA,EURA14,2019-10-15 11:59:00,-0.00584,0.01547,0.00546,-0.0002731834302279741,0.015241491152537343,0.0029657187607359833
MUR100ITA,EURA14,2019-10-16 11:59:00,-0.00629,0.01374,0.01122,-0.000723183430227974,0.013511491152537344,0.008725718760735983
MUR100ITA,EURA14,2019-10-17 11:59:00,-0.00699,0.01326,0.00991,-0.001423183430227974,0.013031491152537343,0.007415718760735983
MUR100ITA,EURA14,2019-10-18 11:59:00,-0.00612,0.0131,0.00977,-0.000553183430227974,0.012871491152537344,0.007275718760735982
MUR100ITA,EURA14,2019-10-19 11:59:00,-0.00683,0.0143,0.00723,-0.0012631834302279745,0.014071491152537344,0.0047357187607359845
MUR100ITA,EURA14,2019-10-20 11:59:00,-0.00617,0.01309,0.00685,-0.0006031834302279745,0.012861491152537343,0.004355718760735984
MUR100ITA,EURA14,2019-10-21 11:59:00,-0.0078,0.01426,0.00854,-0.002233183430227974,0.014031491152537344,0.006045718760735983
MUR100ITA,EURA14,2019-10-22 11:59:00,-0.00813,0.01286,0.00797,-0.0025631834302279745,0.012631491152537344,0.005475718760735984
MUR100ITA,EURA14,2019-10-23 11:59:00,-0.00749,0.01306,0.00911,-0.0019231834302279745,0.012831491152537344,0.0066157187607359825
MUR100ITA,EURA14,2019-10-24 11:59:00,-0.00815,0.01516,0.01282,-0.0025831834302279737,0.014931491152537344,0.010325718760735982
MUR100ITA,EURA14,2019-10-25 11:59:00,-0.00889,0.01225,0.01035,-0.0033231834302279747,0.012021491152537344,0.007855718760735982
MUR100ITA,EURA14,2019-10-26 11:59:00,-0.00777,0.01273,0.0079,-0.0022031834302279744,0.012501491152537344,0.005405718760735985
MUR100ITA,EURA14,2019-10-27 11:59:00,-0.00705,0.01375,0.00784,-0.0014831834302279742,0.013521491152537344,0.005345718760735984
MUR100ITA,EURA14,2019-10-28 11:59:00,-0.00862,0.01363,0.00884,-0.0030531834302279736,0.013401491152537344,0.006345718760735983
MUR100ITA,EURA14,2019-10-29 11:59:00,-0.00811,0.01325,0.01203,-0.0025431834302279735,0.013021491152537343,0.009535718760735983
MUR100ITA,EURA14,2019-10-30 11:59:00,-0.00902,0.01311,0.00733,-0.0034531834302279746,0.012881491152537344,0.004835718760735984
MUR100ITA,EURA14,2019-10-31 11:59:00,-0.00796,0.01318,0.00957,-0.0023931834302279745,0.012951491152537345,0.007075718760735983
MUR100ITA,EURA14,2019-11-01 11:59:00,-0.00822,0.01314,0.01075,-0.0026531834302279743,0.012911491152537345,0.008255718760735982
MUR100ITA,EURA14,2019-11-02 11:59:00,-0.00901,0.01204,0.00384,-0.003443183430227975,0.011811491152537344,0.0013457187607359834
MUR100ITA,EURA14,2019-11-03 11:59:00,-0.00515,0.01258,0.01415,0.00041681656977202554,0.012351491152537343,0.011655718760735982
MUR100ITA,EURA14,2019-11-04 11:59:00,-0.00776,0.01108,0.00554,-0.002193183430227975,0.010851491152537343,0.0030457187607359835
MUR100ITA,EURA14,2019-11-05 11:59:00,-0.00403,0.01086,0.01404,0.0015368165697720259,0.010631491152537344,0.011545718760735983
MUR100ITA,EURA14,2019-11-06 11:59:00,-0.00591,0.01547,0.00687,-0.0003431834302279747,0.015241491152537343,0.0043757187607359836
MUR100ITA,EURA14,2019-11-07 11:59:00,-0.00532,0.01358,0.00891,0.00024681656977202553,0.013351491152537344,0.006415718760735982
MUR100ITA,EURA14,2019-11-08 11:59:00,-0.00398,0.01389,0.00686,0.0015868165697720256,0.013661491152537343,0.004365718760735984
MUR100ITA,EURA14,2019-11-09 11:59:00,-0.00434,0.01525,0.00761,0.0012268165697720255,0.015021491152537344,0.005115718760735983
MUR100ITA,EURA14,2019-11-10 11:59:00,-0.00432,0.01477,0.00757,0.0012468165697720256,0.014541491152537344,0.0050757187607359845
MUR100ITA,EURA14,2019-11-11 11:59:00,-0.00402,0.01529,0.01013,0.0015468165697720255,0.015061491152537344,0.0076357187607359826
MUR100ITA,EURA14,2019-11-12 11:59:00,-0.00422,0.01325,0.01918,0.0013468165697720258,0.013021491152537343,0.016685718760735983
MUR100ITA,EURA14,2019-11-13 11:59:00,-0.00519,0.01396,0.0107,0.00037681656977202544,0.013731491152537344,0.008205718760735982
MUR100ITA,EURA14,2019-11-14 11:59:00,-0.00396,0.01606,0.00911,0.0016068165697720256,0.015831491152537347,0.0066157187607359825
MUR100ITA,EURA14,2019-11-15 11:59:00,-0.00279,0.01521,0.0086,0.0027768165697720252,0.014981491152537343,0.0061057187607359825
MUR100ITA,EURA14,2019-11-16 11:59:00,-0.00365,0.0154,0.01132,0.0019168165697720254,0.015171491152537344,0.008825718760735983
MUR100ITA,EURA14,2019-11-17 11:59:00,-0.00435,0.01517,0.00831,0.001216816569772026,0.014941491152537343,0.005815718760735982
MUR100ITA,EURA14,2019-11-18 11:59:00,-0.00631,0.01406,0.00731,-0.000743183430227974,0.013831491152537343,0.004815718760735983
MUR100ITA,EURA14,2019-11-19 11:59:00,-0.0035,0.01592,0.00837,0.0020668165697720255,0.015691491152537346,0.005875718760735983
MUR100ITA,EURA14,2019-11-20 11:59:00,-0.00325,0.0159,0.01037,0.0023168165697720258,0.015671491152537347,0.007875718760735983
MUR100ITA,EURA14,2019-11-21 11:59:00,-0.00272,0.01461,0.00492,0.002846816569772025,0.014381491152537344,0.0024257187607359836
MUR100ITA,EURA14,2019-11-22 11:59:00,-0.00307,0.01476,0.00803,0.0024968165697720254,0.014531491152537344,0.005535718760735985
MUR100ITA,EURA14,2019-11-23 11:59:00,-0.00356,0.01475,0.01028,0.0020068165697720254,0.014521491152537343,0.007785718760735982
MUR100ITA,EURA14,2019-11-24 11:59:00,-0.0049,0.01431,0.00958,0.0006668165697720258,0.014081491152537344,0.007085718760735982
MUR100ITA,EURA14,2019-11-25 11:59:00,-0.00189,0.01502,0.00819,0.0036768165697720254,0.014791491152537344,0.0056957187607359835
MUR100ITA,EURA14,2019-11-26 11:59:00,-0.0024,0.01467,0.00515,0.003166816569772026,0.014441491152537345,0.002655718760735984
MUR100ITA,EURA14,2019-11-27 11:59:00,-0.00226,0.01544,0.00387,0.0033068165697720253,0.015211491152537344,0.0013757187607359835
MUR100ITA,EURA14,2019-11-28 11:59:00,-0.00162,0.01366,0.00229,0.003946816569772025,0.013431491152537344,-0.00020428123926401675
MUR100ITA,EURA14,2019-11-29 11:59:00,-7e-05,0.01572,0.00386,0.005496816569772025,0.015491491152537345,0.0013657187607359835
MUR100ITA,EURA14,2019-11-30 11:59:00,-0.00328,0.01489,0.00773,0.0022868165697720252,0.014661491152537344,0.005235718760735983
MUR100ITA,EURA14,2019-12-01 11:59:00,-0.00299,0.01532,0.00979,0.0025768165697720256,0.015091491152537344,0.0072957187607359825
MUR100ITA,EURA14,2019-12-02 11:59:00,-0.00182,0.01716,0.00911,0.0037468165697720256,0.016931491152537344,0.0066157187607359825
MUR100ITA,EURA14,2019-12-03 11:59:00,-0.00333,0.01574,0.00751,0.0022368165697720255,0.015511491152537344,0.0050157187607359835
MUR100ITA,EURA14,2019-12-04 11:59:00,-0.00365,0.01516,0.00648,0.0019168165697720254,0.014931491152537344,0.003985718760735984
MUR100ITA,EURA14,2019-12-05 11:59:00,-0.00309,0.01428,0.00461,0.0024768165697720253,0.014051491152537343,0.002115718760735984
MUR100ITA,EURA14,2019-12-06 11:59:00,-0.00329,0.01398,0.0077,0.0022768165697720257,0.013751491152537343,0.005205718760735984
MUR100ITA,EURA14,2019-12-07 11:59:00,-0.00174,0.01489,-0.00016,0.0038268165697720254,0.014661491152537344,-0.0026542812392640167
MUR100ITA,EURA14,2019-12-08 11:59:00,-0.00269,0.01495,0.00673,0.0028768165697720255,0.014721491152537344,0.004235718760735984
MUR100ITA,EURA14,2019-12-09 11:59:00,-0.0022,0.01535,0.00473,0.0033668165697720255,0.015121491152537345,0.0022357187607359836
MUR100ITA,EURA14,2019-12-10 11:59:00,-0.00601,0.01201,0.0082,-0.0004431834302279741,0.011781491152537344,0.005705718760735983
MUR100ITA,EURA14,2019-12-11 11:59:00,-0.00319,0.01522,0.00885,0.002376816569772025,0.014991491152537343,0.006355718760735983
MUR100ITA,EURA14,2019-12-12 11:59:00,-0.00315,0.01443,0.01033,0.002416816569772025,0.014201491152537344,0.007835718760735983
MUR100ITA,EURA14,2019-12-13 11:59:00,-0.00336,0.01452,0.01503,0.002206816569772025,0.014291491152537344,0.012535718760735982
MUR100ITA,EURA14,2019-12-14 11:59:00,-0.00113,0.01449,0.00858,0.004436816569772025,0.014261491152537343,0.006085718760735983
MUR100ITA,EURA14,2019-12-15 11:59:00,-0.00284,0.01485,0.00315,0.0027268165697720255,0.014621491152537344,0.0006557187607359833
MUR100ITA,EURA14,2019-12-16 11:59:00,-0.00133,0.01464,0.00668,0.004236816569772026,0.014411491152537344,0.004185718760735984
MUR100ITA,EURA14,2019-12-17 11:59:00,-0.00273,0.01543,0.00314,0.0028368165697720254,0.015201491152537343,0.0006457187607359833
MUR100ITA,EURA14,2019-12-18 11:59:00,-0.00299,0.01539,0.00368,0.0025768165697720256,0.015161491152537343,0.0011857187607359834
MUR100ITA,EURA14,2019-12-19 11:59:00,-0.00276,0.01564,0.00562,0.0028068165697720257,0.015411491152537345,0.0031257187607359837
MUR100ITA,EURA14,2019-12-20 11:59:00,-0.00102,0.01533,0.00781,0.004546816569772025,0.015101491152537344,0.005315718760735983
MUR100ITA,EURA14,2019-12-21 11:59:00,-2e-05,0.01656,0.01492,0.005546816569772025,0.01633149115253734,0.012425718760735982
MUR100ITA,EURA14,2019-12-22 11:59:00,-0.00238,0.01638,0.01133,0.003186816569772025,0.01615149115253734,0.008835718760735982
MUR100ITA,EURA14,2019-12-23 11:59:00,-0.00428,0.01585,0.00706,0.0012868165697720257,0.015621491152537343,0.0045657187607359845
MUR100ITA,EURA14,2019-12-24 11:59:00,-0.00328,0.01632,0.00207,0.0022868165697720252,0.016091491152537343,-0.0004242812392640169
MUR100ITA,EURA14,2019-12-25 11:59:00,-0.00354,0.01616,0.00454,0.0020268165697720254,0.015931491152537343,0.0020457187607359835
MUR100ITA,EURA14,2019-12-26 11:59:00,-0.00391,0.01626,0.00762,0.0016568165697720253,0.016031491152537346,0.005125718760735984
MUR100ITA,EURA14,2019-12-27 11:59:00,-0.00344,0.0171,0.00201,0.0021268165697720257,0.016871491152537346,-0.0004842812392640166
MUR100ITA,EURA14,2019-12-28 11:59:00,-0.00456,0.0147,0.00389,0.0010068165697720258,0.014471491152537343,0.001395718760735983
MUR100ITA,EURA14,2019-12-29 11:59:00,-0.00344,0.01505,-9e-05,0.0021268165697720257,0.014821491152537343,-0.0025842812392640165
MUR100ITA,EURA14,2019-12-30 11:59:00,-0.00603,0.01598,0.00258,-0.00046318343022797416,0.015751491152537343,8.571876073598314e-05
MUR100ITA,EURA14,2019-12-31 11:59:00,-0.00403,0.01642,0.00368,0.0015368165697720259,0.016191491152537346,0.0011857187607359834
MUR100ITA,EURA14,2020-01-01 11:59:00,-0.00322,0.0165,0.0006,0.0023468165697720254,0.016271491152537343,-0.0018942812392640166
MUR100ITA,EURA14,2020-01-02 11:59:00,-0.00368,0.01719,0.00432,0.0018868165697720253,0.016961491152537346,0.0018257187607359838
MUR100ITA,EURA14,2020-01-03 11:59:00,-0.00397,0.01655,0.00271,0.001596816569772026,0.016321491152537344,0.00021571876073598348
MUR100ITA,EURA14,2020-01-04 11:59:00,-0.0041,0.01715,0.00427,0.0014668165697720253,0.01692149115253734,0.0017757187607359837
MUR100ITA,EURA14,2020-01-05 11:59:00,-0.00382,0.01706,0.00585,0.0017468165697720253,0.01683149115253734,0.003355718760735984
MUR100ITA,EURA14,2020-01-06 11:59:00,-0.00253,0.01682,0.00594,0.003036816569772025,0.016591491152537344,0.0034457187607359837
MUR100ITA,EURA14,2020-01-07 11:59:00,-0.00377,0.01635,0.00592,0.0017968165697720255,0.016121491152537346,0.0034257187607359837
MUR100ITA,EURA14,2020-01-08 11:59:00,-0.00459,0.01533,0.00063,0.0009768165697720253,0.015101491152537344,-0.0018642812392640166
MUR100ITA,EURA14,2020-01-09 11:59:00,-0.004,0.01602,0.00789,0.0015668165697720255,0.01579149115253734,0.005395718760735984
MUR100ITA,EURA14,2020-01-10 11:59:00,-0.00373,0.01564,0.00544,0.0018368165697720256,0.015411491152537345,0.002945718760735984
MUR100ITA,EURA14,2020-01-11 11:59:00,-0.00362,0.01676,0.00224,0.0019468165697720254,0.016531491152537346,-0.0002542812392640169
MUR100ITA,EURA14,2020-01-12 11:59:00,-0.00369,0.01606,0.00339,0.0018768165697720253,0.015831491152537347,0.0008957187607359831
MUR100ITA,EURA14,2020-01-13 11:59:00,-0.00331,0.01632,0.00541,0.0022568165697720256,0.016091491152537343,0.0029157187607359836
MUR100ITA,EURA14,2020-01-14 11:59:00,-0.00355,0.01494,0.00622,0.002016816569772025,0.014711491152537344,0.0037257187607359836
MUR100ITA,EURA14,2020-01-15 11:59:00,-0.00308,0.01588,0.00816,0.0024868165697720258,0.01565149115253734,0.005665718760735985
MUR100ITA,EURA14,2020-01-16 11:59:00,-0.00314,0.01714,0.0065,0.0024268165697720256,0.016911491152537345,0.004005718760735983
MUR100ITA,EURA14,2020-01-17 11:59:00,-0.00315,0.01757,0.00406,0.002416816569772025,0.017341491152537344,0.0015657187607359836
MUR100ITA,EURA14,2020-01-18 11:59:00,-0.00314,0.01703,0.01007,0.0024268165697720256,0.016801491152537346,0.007575718760735983
MUR100ITA,EURA14,2020-01-19 11:59:00,-0.00397,0.01774,0.0053,0.001596816569772026,0.01751149115253734,0.0028057187607359838
MUR100ITA,EURA14,2020-01-20 11:59:00,-0.00372,0.01739,0.0046,0.0018468165697720252,0.017161491152537345,0.0021057187607359837
MUR100ITA,EURA14,2020-01-21 11:59:00,-0.00378,0.01673,0.00573,0.0017868165697720254,0.016501491152537344,0.0032357187607359836
MUR100ITA,EURA14,2020-01-22 11:59:00,-0.00273,0.01654,0.00573,0.0028368165697720254,0.01631149115253734,0.0032357187607359836
MUR100ITA,EURA14,2020-01-23 11:59:00,-0.0028,0.0163,0.0051,0.0027668165697720256,0.016071491152537344,0.002605718760735984
MUR100ITA,EURA14,2020-01-24 11:59:00,-0.00231,0.01555,0.00687,0.0032568165697720256,0.015321491152537343,0.0043757187607359836
MUR100ITA,EURA14,2020-01-25 11:59:00,-0.00342,0.01653,0.01119,0.0021468165697720257,0.016301491152537345,0.008695718760735983
MUR100ITA,EURA14,2020-01-26 11:59:00,-0.00348,0.01628,0.01046,0.0020868165697720256,0.016051491152537345,0.007965718760735983
MUR100ITA,EURA14,2020-01-27 11:59:00,-0.00327,0.01646,0.01009,0.0022968165697720257,0.016231491152537345,0.0075957187607359825
MUR100ITA,EURA14,2020-01-28 11:59:00,-0.00108,0.01676,0.01106,0.004486816569772026,0.016531491152537346,0.008565718760735983
MUR100ITA,EURA14,2020-01-29 11:59:00,-0.00483,0.01619,0.00952,0.0007368165697720255,0.015961491152537345,0.007025718760735983
MUR100ITA,EURA14,2020-01-30 11:59:00,-0.00383,0.01614,0.00952,0.0017368165697720253,0.015911491152537344,0.007025718760735983
MUR100ITA,EURA14,2020-01-31 11:59:00,-0.00383,0.01592,0.00546,0.0017368165697720253,0.015691491152537346,0.0029657187607359833
MUR100ITA,EURA14,2020-02-01 11:59:00,-0.00308,0.0162,0.0064,0.0024868165697720258,0.01597149115253734,0.003905718760735984
MUR100ITA,EURA14,2020-02-02 11:59:00,-0.0021,0.01598,0.00541,0.0034668165697720257,0.015751491152537343,0.0029157187607359836
MUR100ITA,EURA14,2020-02-03 11:59:00,-0.00395,0.01729,0.00478,0.0016168165697720252,0.017061491152537342,0.002285718760735984
MUR100ITA,EURA14,2020-02-04 11:59:00,-0.00231,0.01551,0.00877,0.0032568165697720256,0.015281491152537343,0.0062757187607359825
MUR100ITA,EURA14,2020-02-05 11:59:00,-0.00354,0.01638,0.01495,0.0020268165697720254,0.01615149115253734,0.012455718760735982
MUR100ITA,EURA14,2020-02-06 11:59:00,-0.00337,0.01529,0.01214,0.0021968165697720254,0.015061491152537344,0.009645718760735982
MUR100ITA,EURA14,2020-02-07 11:59:00,-0.00364,0.01646,0.00735,0.0019268165697720254,0.016231491152537345,0.004855718760735983
MUR100ITA,EURA14,2020-02-08 11:59:00,-0.00345,0.01648,0.00624,0.0021168165697720252,0.016251491152537344,0.0037457187607359836
MUR100ITA,EURA14,2020-02-09 11:59:00,-0.00332,0.01594,0.0024,0.002246816569772025,0.015711491152537345,-9.42812392640169e-05
MUR100ITA,EURA14,2020-02-10 11:59:00,-0.00104,0.01567,0.00441,0.004526816569772026,0.015441491152537344,0.0019157187607359836
MUR100ITA,EURA14,2020-02-11 11:59:00,0.00029,0.0173,0.00986,0.0058568165697720255,0.017071491152537345,0.007365718760735983
MUR100ITA,EURA14,2020-02-12 11:59:00,-0.00318,0.01662,0.00824,0.0023868165697720255,0.016391491152537345,0.005745718760735983
MUR100ITA,EURA14,2020-02-13 11:59:00,-0.00311,0.01686,0.00683,0.0024568165697720253,0.016631491152537342,0.0043357187607359834
MUR100ITA,EURA14,2020-02-14 11:59:00,-0.0027,0.01798,0.00895,0.002866816569772025,0.017751491152537345,0.006455718760735982
MUR100ITA,EURA14,2020-02-15 11:59:00,-0.0037,0.01696,0.00772,0.0018668165697720252,0.016731491152537345,0.005225718760735984
MUR100ITA,EURA14,2020-02-16 11:59:00,-0.00287,0.01671,0.00628,0.002696816569772025,0.016481491152537345,0.0037857187607359837
MUR100ITA,EURA14,2020-02-17 11:59:00,-0.00333,0.01714,0.00636,0.0022368165697720255,0.016911491152537345,0.003865718760735984
MUR100ITA,EURA14,2020-02-18 11:59:00,-0.0033,0.01624,0.00795,0.002266816569772025,0.016011491152537347,0.005455718760735985
MUR100ITA,EURA14,2020-02-19 11:59:00,-0.00314,0.01672,0.00809,0.0024268165697720256,0.01649149115253734,0.005595718760735984
MUR100ITA,EURA14,2020-02-20 11:59:00,-0.00285,0.01697,0.00798,0.002716816569772025,0.01674149115253734,0.005485718760735983
MUR100ITA,EURA14,2020-02-21 11:59:00,-0.00383,0.01753,0.00946,0.0017368165697720253,0.017301491152537346,0.006965718760735982
MUR100ITA,EURA14,2020-02-22 11:59:00,-0.00355,0.0172,0.0062,0.002016816569772025,0.016971491152537342,0.0037057187607359835
MUR100ITA,EURA14,2020-02-23 11:59:00,-0.00382,0.0177,0.00996,0.0017468165697720253,0.017471491152537343,0.0074657187607359825
MUR100ITA,EURA14,2020-02-24 11:59:00,-0.0036,0.01768,0.01015,0.0019668165697720253,0.017451491152537343,0.007655718760735982
MUR100ITA,EURA14,2020-02-25 11:59:00,-0.00396,0.01602,0.01201,0.0016068165697720256,0.01579149115253734,0.009515718760735982
MUR100ITA,EURA14,2020-02-26 11:59:00,-0.0031,0.01833,0.02442,0.0024668165697720257,0.01810149115253734,0.021925718760735985
MUR100ITA,EURA14,2020-02-27 11:59:00,-0.003,0.01624,0.01555,0.002566816569772025,0.016011491152537347,0.013055718760735982
MUR100ITA,EURA14,2020-02-28 11:59:00,-0.0021,0.01678,0.01391,0.0034668165697720257,0.016551491152537345,0.011415718760735983
MUR100ITA,EURA14,2020-02-29 11:59:00,-0.00295,0.01738,0.01005,0.0026168165697720257,0.017151491152537342,0.007555718760735982
MUR100ITA,EURA14,2020-03-01 11:59:00,7e-05,0.0175,0.01689,0.005636816569772026,0.017271491152537344,0.014395718760735981
MUR100ITA,EURA14,2020-03-02 11:59:00,0.00027,0.01755,0.01576,0.0058368165697720254,0.017321491152537345,0.013265718760735982
MUR100ITA,EURA14,2020-03-03 11:59:00,-0.00266,0.01619,0.0195,0.002906816569772025,0.015961491152537345,0.017005718760735984
MUR100ITA,EURA14,2020-03-04 11:59:00,-0.00214,0.01701,0.0099,0.0034268165697720256,0.016781491152537346,0.007405718760735983
MUR100ITA,EURA14,2020-03-05 11:59:00,-0.00196,0.0165,0.00985,0.0036068165697720252,0.016271491152537343,0.007355718760735982
MUR100ITA,EURA14,2020-03-06 11:59:00,-0.00257,0.0167,0.01309,0.002996816569772026,0.01647149115253734,0.010595718760735982
MUR100ITA,EURA14,2020-03-07 11:59:00,-0.00186,0.01816,0.00635,0.0037068165697720255,0.017931491152537345,0.0038557187607359835
MUR100ITA,EURA14,2020-03-08 11:59:00,-0.00225,0.0174,0.00453,0.0033168165697720258,0.01717149115253734,0.002035718760735984
MUR100ITA,EURA14,2020-03-09 11:59:00,-0.00221,0.01803,0.01049,0.003356816569772025,0.017801491152537346,0.007995718760735982
MUR100ITA,EURA14,2020-03-10 11:59:00,-0.00269,0.01763,0.00523,0.0028768165697720255,0.017401491152537342,0.002735718760735984
MUR100ITA,EURA14,2020-03-11 11:59:00,-0.003,0.01803,0.0108,0.002566816569772025,0.017801491152537346,0.008305718760735983
MUR100ITA,EURA14,2020-03-12 11:59:00,-0.00178,0.01878,0.00787,0.0037868165697720257,0.018551491152537347,0.0053757187607359844
MUR100ITA,EURA14,2020-03-13 11:59:00,-0.0027,0.01775,0.00984,0.002866816569772025,0.017521491152537344,0.007345718760735982
MUR100ITA,EURA14,2020-03-14 11:59:00,-0.00253,0.01845,0.007,0.003036816569772025,0.018221491152537343,0.0045057187607359835
MUR100ITA,EURA14,2020-03-15 11:59:00,-0.0023,0.01755,0.00353,0.003266816569772025,0.017321491152537345,0.0010357187607359835
MUR100ITA,EURA14,2020-03-16 11:59:00,-0.002,0.01851,0.00653,0.003566816569772025,0.01828149115253734,0.0040357187607359835
MUR100ITA,EURA14,2020-03-17 11:59:00,-0.00065,0.01898,0.00783,0.004916816569772026,0.018751491152537346,0.005335718760735984
MUR100ITA,EURA14,2020-03-18 11:59:00,-0.00245,0.01878,0.00721,0.0031168165697720253,0.018551491152537347,0.004715718760735984
MUR100ITA,EURA14,2020-03-19 11:59:00,-0.00173,0.01856,0.01212,0.0038368165697720254,0.018331491152537342,0.009625718760735983
MUR100ITA,EURA14,2020-03-20 11:59:00,-0.00203,0.01885,0.01422,0.0035368165697720255,0.01862149115253734,0.011725718760735982
MUR100ITA,EURA14,2020-03-21 11:59:00,-0.00384,0.01912,0.01522,0.0017268165697720253,0.018891491152537347,0.012725718760735982
MUR100ITA,EURA14,2020-03-22 11:59:00,-0.00349,0.01879,0.01327,0.002076816569772025,0.018561491152537343,0.010775718760735983
MUR100ITA,EURA14,2020-03-23 11:59:00,-0.00343,0.018,0.0104,0.0021368165697720253,0.017771491152537344,0.007905718760735982
MUR100ITA,EURA14,2020-03-24 11:59:00,-0.00264,0.01905,0.01332,0.002926816569772025,0.018821491152537347,0.010825718760735983
MUR100ITA,EURA14,2020-03-25 11:59:00,-0.00309,0.01911,0.01282,0.0024768165697720253,0.018881491152537344,0.010325718760735982
MUR100ITA,EURA14,2020-03-26 11:59:00,-0.0026,0.01953,0.01336,0.0029668165697720253,0.01930149115253734,0.010865718760735983
MUR100ITA,EURA14,2020-03-27 11:59:00,-0.0028,0.01835,0.00827,0.0027668165697720256,0.018121491152537347,0.005775718760735982
MUR100ITA,EURA14,2020-03-28 11:59:00,-0.00189,0.01945,0.01305,0.0036768165697720254,0.019221491152537344,0.010555718760735983
MUR100ITA,EURA14,2020-03-29 11:59:00,-0.00236,0.02028,0.01097,0.003206816569772025,0.02005149115253734,0.008475718760735983
MUR100ITA,EURA14,2020-03-30 11:59:00,-0.00258,0.01968,0.01191,0.0029868165697720253,0.019451491152537345,0.009415718760735983
MUR100ITA,EURA14,2020-03-31 11:59:00,-0.00228,0.0189,0.0085,0.0032868165697720253,0.018671491152537342,0.006005718760735983
MUR100ITA,EURA14,2020-04-01 11:59:00,-0.00133,0.01839,0.01075,0.004236816569772026,0.018161491152537346,0.008255718760735982
MUR100ITA,EURA14,2020-04-02 11:59:00,-0.00198,0.01858,0.01341,0.003586816569772025,0.01835149115253734,0.010915718760735982
MUR100ITA,EURA14,2020-04-03 11:59:00,-0.00225,0.01782,0.01021,0.0033168165697720258,0.017591491152537345,0.007715718760735983
MUR100ITA,EURA14,2020-04-04 11:59:00,-0.0019,0.01828,0.00674,0.0036668165697720254,0.018051491152537347,0.004245718760735984
MUR100ITA,EURA14,2020-04-05 11:59:00,-0.00439,0.01886,0.00409,0.0011768165697720258,0.018631491152537344,0.0015957187607359832
MUR100ITA,EURA14,2020-04-06 11:59:00,-0.00271,0.01922,0.00555,0.0028568165697720254,0.018991491152537343,0.003055718760735984
MUR100ITA,EURA14,2020-04-07 11:59:00,-0.00241,0.01967,0.00779,0.0031568165697720254,0.019441491152537342,0.005295718760735984
MUR100ITA,EURA14,2020-04-08 11:59:00,-0.00243,0.0189,0.00747,0.0031368165697720253,0.018671491152537342,0.004975718760735983
MUR100ITA,EURA14,2020-04-09 11:59:00,-0.00194,0.01954,0.00827,0.0036268165697720253,0.019311491152537344,0.005775718760735982
MUR100ITA,EURA14,2020-04-10 11:59:00,-0.00178,0.01937,0.01216,0.0037868165697720257,0.01914149115253734,0.009665718760735983
MUR100ITA,EURA14,2020-04-11 11:59:00,-0.00265,0.01885,0.01404,0.0029168165697720256,0.01862149115253734,0.011545718760735983
MUR100ITA,EURA14,2020-04-12 11:59:00,-0.00198,0.01957,0.00904,0.003586816569772025,0.019341491152537346,0.006545718760735982
MUR100ITA,EURA14,2020-04-13 11:59:00,-0.00152,0.01864,0.00959,0.0040468165697720255,0.018411491152537346,0.007095718760735982
MUR100ITA,EURA14,2020-04-14 11:59:00,-0.0034,0.01867,0.00759,0.002166816569772026,0.01844149115253734,0.005095718760735984
MUR100ITA,EURA14,2020-04-15 11:59:00,-0.00258,0.01955,0.00654,0.0029868165697720253,0.019321491152537347,0.004045718760735983
MUR100ITA,EURA14,2020-04-16 11:59:00,-0.00155,0.02015,0.01044,0.004016816569772026,0.019921491152537343,0.007945718760735982
MUR100ITA,EURA14,2020-04-17 11:59:00,-0.00195,0.01993,0.0087,0.0036168165697720257,0.019701491152537345,0.006205718760735982
MUR100ITA,EURA14,2020-04-18 11:59:00,-0.00183,0.01946,0.0079,0.003736816569772025,0.019231491152537347,0.005405718760735985
MUR100ITA,EURA14,2020-04-19 11:59:00,-0.00247,0.01885,0.00975,0.003096816569772025,0.01862149115253734,0.007255718760735982
MUR100ITA,EURA14,2020-04-20 11:59:00,-0.00219,0.01941,0.01139,0.003376816569772025,0.019181491152537346,0.008895718760735983
MUR100ITA,EURA14,2020-04-21 11:59:00,-0.00109,0.01951,0.00991,0.004476816569772025,0.01928149115253734,0.007415718760735983
MUR100ITA,EURA14,2020-04-22 11:59:00,-0.00277,0.02087,0.0016,0.0027968165697720253,0.020641491152537342,-0.0008942812392640166
MUR100ITA,EURA14,2020-04-23 11:59:00,-0.00231,0.01927,0.0037,0.0032568165697720256,0.019041491152537345,0.0012057187607359835
MUR100ITA,EURA14,2020-04-24 11:59:00,-0.00268,0.01914,0.00715,0.002886816569772025,0.018911491152537346,0.004655718760735984
MUR100ITA,EURA14,2020-04-25 11:59:00,-0.00169,0.0187,0.00633,0.0038768165697720255,0.018471491152537343,0.0038357187607359834
MUR100ITA,EURA14,2020-04-26 11:59:00,-0.00255,0.01894,0.00862,0.003016816569772025,0.01871149115253734,0.006125718760735982
MUR100ITA,EURA14,2020-04-27 11:59:00,-0.00176,0.01957,0.00685,0.0038068165697720253,0.019341491152537346,0.004355718760735984
MUR100ITA,EURA14,2020-04-28 11:59:00,-0.00287,0.01951,0.00595,0.002696816569772025,0.01928149115253734,0.003455718760735984
MUR100ITA,EURA14,2020-04-29 11:59:00,0.00066,0.01935,0.00343,0.006226816569772026,0.01912149115253734,0.0009357187607359832
MUR100ITA,EURA14,2020-04-30 11:59:00,-0.00097,0.01934,0.0066,0.004596816569772025,0.019111491152537345,0.004105718760735984
MUR100ITA,EURA14,2020-05-01 11:59:00,-0.00119,0.02105,0.01085,0.004376816569772025,0.02082149115253734,0.008355718760735983
MUR100ITA,EURA14,2020-05-02 11:59:00,-0.00097,0.01888,0.01391,0.004596816569772025,0.018651491152537343,0.011415718760735983
MUR100ITA,EURA14,2020-05-03 11:59:00,-0.00231,0.0194,0.0071,0.0032568165697720256,0.019171491152537343,0.004605718760735985
MUR100ITA,EURA14,2020-05-04 11:59:00,-0.002,0.01963,0.0095,0.003566816569772025,0.019401491152537344,0.007005718760735982
MUR100ITA,EURA14,2020-05-05 11:59:00,-0.00324,0.01785,0.00685,0.0023268165697720253,0.017621491152537347,0.004355718760735984
MUR100ITA,EURA14,2020-05-06 11:59:00,-0.00128,0.01956,0.00691,0.004286816569772025,0.019331491152537343,0.004415718760735984
MUR100ITA,EURA14,2020-05-07 11:59:00,-0.00171,0.02091,0.00904,0.0038568165697720255,0.020681491152537347,0.006545718760735982
MUR100ITA,EURA14,2020-05-08 11:59:00,-0.0015,0.02019,0.00727,0.004066816569772026,0.019961491152537342,0.004775718760735985
MUR100ITA,EURA14,2020-05-09 11:59:00,-0.00149,0.02013,0.01143,0.004076816569772025,0.019901491152537344,0.008935718760735982
MUR100ITA,EURA14,2020-05-10 11:59:00,-0.00111,0.0199,0.01126,0.004456816569772025,0.019671491152537343,0.008765718760735982
MUR100ITA,EURA14,2020-05-11 11:59:00,0.00336,0.02093,0.01871,0.008926816569772025,0.020701491152537346,0.016215718760735985
MUR100ITA,EURA14,2020-05-12 11:59:00,-0.0014,0.01855,0.00962,0.004166816569772025,0.018321491152537346,0.0071257187607359825
MUR100ITA,EURA14,2020-05-13 11:59:00,0.00122,0.01906,0.01237,0.006786816569772026,0.018831491152537343,0.009875718760735983
MUR100ITA,EURA14,2020-05-14 11:59:00,0.00076,0.02126,0.01226,0.006326816569772025,0.021031491152537343,0.009765718760735983
MUR100ITA,EURA14,2020-05-15 11:59:00,0.00012,0.02149,0.00822,0.0056868165697720255,0.021261491152537344,0.005725718760735982
MUR100ITA,EURA14,2020-05-16 11:59:00,-0.0022,0.02029,0.00782,0.0033668165697720255,0.020061491152537345,0.005325718760735985
MUR100ITA,EURA14,2020-05-17 11:59:00,-0.00163,0.02027,0.0058,0.003936816569772026,0.020041491152537345,0.0033057187607359833
MUR100ITA,EURA14,2020-05-18 11:59:00,-0.00198,0.02102,0.00849,0.003586816569772025,0.020791491152537346,0.005995718760735982
MUR100ITA,EURA14,2020-05-19 11:59:00,-0.00117,0.01997,0.00843,0.004396816569772025,0.019741491152537344,0.0059357187607359824
MUR100ITA,EURA14,2020-05-20 11:59:00,-0.00653,0.01723,0.02017,-0.0009631834302279746,0.017001491152537344,0.017675718760735985
MUR100ITA,EURA14,2020-05-21 11:59:00,-0.0024,0.01907,0.0131,0.003166816569772026,0.018841491152537346,0.010605718760735983
MUR100ITA,EURA14,2020-05-22 11:59:00,-0.00206,0.01953,0.00914,0.003506816569772025,0.01930149115253734,0.006645718760735983
MUR100ITA,EURA14,2020-05-23 11:59:00,-0.00231,0.02029,0.00686,0.0032568165697720256,0.020061491152537345,0.004365718760735984
MUR100ITA,EURA14,2020-05-24 11:59:00,-0.00236,0.02002,0.00691,0.003206816569772025,0.019791491152537345,0.004415718760735984
MUR100ITA,EURA14,2020-05-25 11:59:00,-0.00238,0.0209,0.01041,0.003186816569772025,0.020671491152537344,0.007915718760735983
MUR100ITA,EURA14,2020-05-26 11:59:00,-0.00351,0.01787,0.01194,0.002056816569772025,0.017641491152537346,0.009445718760735982
MUR100ITA,EURA14,2020-05-27 11:59:00,-0.00185,0.01929,0.00713,0.003716816569772025,0.019061491152537344,0.004635718760735983
MUR100ITA,EURA14,2020-05-28 11:59:00,-0.00334,0.02068,0.00956,0.002226816569772025,0.020451491152537346,0.007065718760735983
MUR100ITA,EURA14,2020-05-29 11:59:00,-0.00225,0.01937,0.01415,0.0033168165697720258,0.01914149115253734,0.011655718760735982
MUR100ITA,EURA14,2020-05-30 11:59:00,-0.00118,0.01988,0.01296,0.0043868165697720255,0.019651491152537344,0.010465718760735982
MUR100ITA,EURA14,2020-05-31 11:59:00,-0.00174,0.02072,0.01229,0.0038268165697720254,0.020491491152537344,0.009795718760735983
MUR100ITA,EURA14,2020-06-01 11:59:00,-0.00191,0.02023,0.00928,0.0036568165697720254,0.020001491152537347,0.0067857187607359825
MUR100ITA,EURA14,2020-06-02 11:59:00,-0.00159,0.02036,0.0135,0.003976816569772026,0.020131491152537345,0.011005718760735982
MUR100ITA,EURA14,2020-06-03 11:59:00,-0.00426,0.01869,0.01418,0.0013068165697720257,0.01846149115253734,0.011685718760735982
MUR100ITA,EURA14,2020-06-04 11:59:00,0.00145,0.01999,0.01222,0.007016816569772025,0.019761491152537343,0.009725718760735982
MUR100ITA,EURA14,2020-06-05 11:59:00,0.00015,0.01978,0.0202,0.005716816569772026,0.01955149115253734,0.017705718760735983
MUR100ITA,EURA14,2020-06-06 11:59:00,-2e-05,0.01906,0.00991,0.005546816569772025,0.018831491152537343,0.007415718760735983
MUR100ITA,EURA14,2020-06-07 11:59:00,-0.00433,0.01916,0.00702,0.001236816569772026,0.018931491152537346,0.004525718760735984
MUR100ITA,EURA14,2020-06-08 11:59:00,-0.0013,0.01886,0.00594,0.004266816569772025,0.018631491152537344,0.0034457187607359837
MUR100ITA,EURA14,2020-06-09 11:59:00,-0.0036,0.01845,0.00949,0.0019668165697720253,0.018221491152537343,0.006995718760735983
MUR100ITA,EURA14,2020-06-10 11:59:00,-0.00129,0.01928,0.00607,0.004276816569772026,0.01905149115253734,0.0035757187607359836
MUR100ITA,EURA14,2020-06-11 11:59:00,-0.00237,0.01869,0.01044,0.0031968165697720255,0.01846149115253734,0.007945718760735982
MUR100ITA,EURA14,2020-06-12 11:59:00,-0.00401,0.01975,0.01089,0.001556816569772026,0.019521491152537346,0.008395718760735983
MUR100ITA,EURA14,2020-06-13 11:59:00,-0.00313,0.01951,0.00654,0.002436816569772025,0.01928149115253734,0.004045718760735983
MUR100ITA,EURA14,2020-06-14 11:59:00,-0.00165,0.02016,0.00779,0.003916816569772026,0.019931491152537346,0.005295718760735984
MUR100ITA,EURA14,2020-06-15 11:59:00,-0.00335,0.01821,0.01537,0.0022168165697720255,0.017981491152537346,0.012875718760735982
MUR100ITA,EURA14,2020-06-16 11:59:00,-0.00162,0.01871,0.00899,0.003946816569772025,0.018481491152537347,0.006495718760735982
MUR100ITA,EURA14,2020-06-17 11:59:00,-0.00268,0.01829,0.00939,0.002886816569772025,0.018061491152537343,0.006895718760735983
MUR100ITA,EURA14,2020-06-18 11:59:00,-0.00292,0.01977,0.00538,0.0026468165697720253,0.019541491152537345,0.002885718760735984
MUR100ITA,EURA14,2020-06-19 11:59:00,-0.00309,0.01886,0.01191,0.0024768165697720253,0.018631491152537344,0.009415718760735983
MUR100ITA,EURA14,2020-06-20 11:59:00,-0.00378,0.01967,0.01016,0.0017868165697720254,0.019441491152537342,0.007665718760735983
MUR100ITA,EURA14,2020-06-21 11:59:00,-0.003,0.0182,0.01277,0.002566816569772025,0.017971491152537343,0.010275718760735983
MUR100ITA,EURA14,2020-06-22 11:59:00,-0.00276,0.02003,0.01862,0.0028068165697720257,0.01980149115253734,0.016125718760735985
MUR100ITA,EURA14,2020-06-23 11:59:00,-0.00328,0.01967,0.00939,0.0022868165697720252,0.019441491152537342,0.006895718760735983
MUR100ITA,EURA14,2020-06-24 11:59:00,-0.00259,0.01909,0.00786,0.0029768165697720258,0.018861491152537345,0.005365718760735985
MUR100ITA,EURA14,2020-06-25 11:59:00,-0.00292,0.02033,0.01138,0.0026468165697720253,0.020101491152537343,0.008885718760735982
MUR100ITA,EURA14,2020-06-26 11:59:00,-0.00311,0.01958,0.01497,0.0024568165697720253,0.019351491152537342,0.012475718760735983
MUR100ITA,EURA14,2020-06-27 11:59:00,-0.00269,0.01907,0.01121,0.0028768165697720255,0.018841491152537346,0.008715718760735982
MUR100ITA,EURA14,2020-06-28 11:59:00,-0.00311,0.01967,0.01505,0.0024568165697720253,0.019441491152537342,0.012555718760735982
MUR100ITA,EURA14,2020-06-29 11:59:00,-3e-05,0.02126,0.00196,0.0055368165697720255,0.021031491152537343,-0.0005342812392640168
MUR100ITA,EURA14,2020-06-30 11:59:00,-0.00276,0.01995,0.00721,0.0028068165697720257,0.019721491152537345,0.004715718760735984
MUR100ITA,EURA14,2020-07-01 11:59:00,-0.00208,0.02097,0.00877,0.003486816569772026,0.020741491152537345,0.0062757187607359825
MUR100ITA,EURA14,2020-07-02 11:59:00,-0.00367,0.01911,0.01058,0.0018968165697720253,0.018881491152537344,0.008085718760735983
MUR100ITA,EURA14,2020-07-03 11:59:00,-0.00269,0.01998,0.01323,0.0028768165697720255,0.019751491152537347,0.010735718760735983
MUR100ITA,EURA14,2020-07-04 11:59:00,-0.00258,0.02123,0.00843,0.0029868165697720253,0.02100149115253734,0.0059357187607359824
MUR100ITA,EURA14,2020-07-05 11:59:00,-0.00373,0.01906,0.00876,0.0018368165697720256,0.018831491152537343,0.006265718760735983
MUR100ITA,EURA14,2020-07-06 11:59:00,-0.00279,0.02049,0.01515,0.0027768165697720252,0.020261491152537343,0.012655718760735983
MUR100ITA,EURA14,2020-07-07 11:59:00,-0.00312,0.02058,0.00719,0.0024468165697720257,0.020351491152537343,0.004695718760735984
MUR100ITA,EURA14,2020-07-08 11:59:00,-0.00276,0.01966,0.0119,0.0028068165697720257,0.019431491152537346,0.009405718760735983
MUR100ITA,EURA14,2020-07-09 11:59:00,-0.00271,0.01844,0.01316,0.0028568165697720254,0.018211491152537347,0.010665718760735982
MUR100ITA,EURA14,2020-07-10 11:59:00,-0.0036,0.02019,0.01152,0.0019668165697720253,0.019961491152537342,0.009025718760735983
MUR100ITA,EURA14,2020-07-11 11:59:00,-0.00304,0.0206,0.01174,0.002526816569772025,0.020371491152537342,0.009245718760735983
MUR100ITA,EURA14,2020-07-12 11:59:00,-0.00315,0.01882,0.00876,0.002416816569772025,0.018591491152537346,0.006265718760735983
MUR100ITA,EURA14,2020-07-13 11:59:00,-0.00425,0.01855,0.00961,0.0013168165697720253,0.018321491152537346,0.007115718760735983
MUR100ITA,EURA14,2020-07-14 11:59:00,-0.00477,0.01895,0.01285,0.0007968165697720257,0.018721491152537344,0.010355718760735983
MUR100ITA,EURA14,2020-07-15 11:59:00,-0.00206,0.02009,0.00742,0.003506816569772025,0.019861491152537346,0.004925718760735984
MUR100ITA,EURA14,2020-07-16 11:59:00,-0.00393,0.01918,0.01374,0.0016368165697720253,0.018951491152537345,0.011245718760735983
MUR100ITA,EURA14,2020-07-17 11:59:00,-0.00481,0.0198,0.00612,0.0007568165697720256,0.019571491152537347,0.0036257187607359833
MUR100ITA,EURA14,2020-07-18 11:59:00,-0.00591,0.01944,0.01654,-0.0003431834302279747,0.01921149115253734,0.014045718760735982
MUR100ITA,EURA14,2020-07-19 11:59:00,-0.00453,0.01784,0.01271,0.0010368165697720254,0.017611491152537344,0.010215718760735983
MUR100ITA,EURA14,2020-07-20 11:59:00,-0.00516,0.01819,0.00891,0.00040681656977202595,0.017961491152537347,0.006415718760735982
MUR100ITA,EURA14,2020-07-21 11:59:00,-0.00259,0.01807,0.01293,0.0029768165697720258,0.017841491152537345,0.010435718760735983
MUR100ITA,EURA14,2020-07-22 11:59:00,-0.00482,0.0193,0.01872,0.000746816569772026,0.019071491152537347,0.016225718760735985
MUR100ITA,EURA14,2020-07-23 11:59:00,-0.00421,0.01723,0.01477,0.0013568165697720254,0.017001491152537344,0.012275718760735983
MUR100ITA,EURA14,2020-07-24 11:59:00,-0.00694,0.02125,0.01746,-0.0013731834302279744,0.021021491152537347,0.014965718760735982
MUR100ITA,EURA14,2020-07-25 11:59:00,-0.00598,0.01749,0.01433,-0.00041318343022797447,0.01726149115253734,0.011835718760735983
MUR100ITA,EURA14,2020-07-26 11:59:00,-0.00431,0.01753,0.01035,0.001256816569772026,0.017301491152537346,0.007855718760735982
MUR100ITA,EURA14,2020-07-27 11:59:00,-0.00506,0.01716,0.0173,0.0005068165697720253,0.016931491152537344,0.014805718760735982
MUR100ITA,EURA14,2020-07-28 11:59:00,-0.00544,0.01671,0.01323,0.00012681656977202522,0.016481491152537345,0.010735718760735983
MUR100ITA,EURA14,2020-07-29 11:59:00,-0.00626,0.0177,0.01059,-0.0006931834302279743,0.017471491152537343,0.008095718760735983
MUR100ITA,EURA14,2020-07-30 11:59:00,-0.00777,0.01719,0.01219,-0.0022031834302279744,0.016961491152537346,0.009695718760735982
MUR100ITA,EURA14,2020-07-31 11:59:00,-0.00588,0.01844,0.01305,-0.0003131834302279742,0.018211491152537347,0.010555718760735983
MUR100ITA,EURA14,2020-08-01 11:59:00,-0.00732,0.01767,0.01571,-0.0017531834302279745,0.017441491152537347,0.01321571876073598
MUR100ITA,EURA14,2020-08-02 11:59:00,-0.00509,0.0153,0.01469,0.0004768165697720257,0.015071491152537343,0.012195718760735982
MUR100ITA,EURA14,2020-08-03 11:59:00,-0.00726,0.01435,0.00637,-0.0016931834302279744,0.014121491152537344,0.0038757187607359835
MUR100ITA,EURA14,2020-08-04 11:59:00,-0.01023,0.01746,0.00733,-0.004663183430227974,0.017231491152537345,0.004835718760735984
MUR100ITA,EURA14,2020-08-05 11:59:00,-0.01061,0.01387,0.00633,-0.0050431834302279745,0.013641491152537344,0.0038357187607359834
MUR100ITA,EURA14,2020-08-06 11:59:00,-0.00738,0.01539,0.01311,-0.0018131834302279747,0.015161491152537343,0.010615718760735983
MUR100ITA,EURA14,2020-08-07 11:59:00,-0.00606,0.01571,0.01254,-0.0004931834302279747,0.015481491152537342,0.010045718760735983
MUR100ITA,EURA14,2020-08-08 11:59:00,-0.00679,0.01668,0.00727,-0.0012231834302279744,0.016451491152537343,0.004775718760735985
MUR100ITA,EURA14,2020-08-09 11:59:00,-0.00542,0.01654,0.0075,0.00014681656977202527,0.01631149115253734,0.005005718760735984
MUR100ITA,EURA14,2020-08-10 11:59:00,-0.00479,0.01616,0.00975,0.0007768165697720256,0.015931491152537343,0.007255718760735982
MUR100ITA,EURA14,2020-08-11 11:59:00,-0.00643,0.01633,0.01193,-0.0008631834302279743,0.016101491152537346,0.009435718760735982
MUR100ITA,EURA14,2020-08-12 11:59:00,-0.00705,0.01539,0.01166,-0.0014831834302279742,0.015161491152537343,0.009165718760735983
MUR100ITA,EURA14,2020-08-13 11:59:00,-0.00705,0.0159,0.00957,-0.0014831834302279742,0.015671491152537347,0.007075718760735983
MUR100ITA,EURA14,2020-08-14 11:59:00,-0.00902,0.01638,0.01405,-0.0034531834302279746,0.01615149115253734,0.011555718760735982
MUR100ITA,EURA14,2020-08-15 11:59:00,-0.00906,0.01633,0.01696,-0.0034931834302279747,0.016101491152537346,0.014465718760735982
MUR100ITA,EURA14,2020-08-16 11:59:00,-0.00832,0.01544,0.00383,-0.0027531834302279737,0.015211491152537344,0.0013357187607359834
MUR100ITA,EURA14,2020-08-17 11:59:00,-0.0072,0.01877,0.01282,-0.0016331834302279742,0.018541491152537344,0.010325718760735982
MUR100ITA,EURA14,2020-08-18 11:59:00,-0.00716,0.01431,0.0144,-0.001593183430227974,0.014081491152537344,0.011905718760735982
MUR100ITA,EURA14,2020-08-19 11:59:00,-0.00749,0.01686,0.01489,-0.0019231834302279745,0.016631491152537342,0.012395718760735983
MUR100ITA,EURA14,2020-08-20 11:59:00,-0.0072,0.01448,0.01546,-0.0016331834302279742,0.014251491152537344,0.012965718760735982
MUR100ITA,EURA14,2020-08-21 11:59:00,-0.00735,0.01602,0.00516,-0.0017831834302279742,0.01579149115253734,0.0026657187607359834
MUR100ITA,EURA14,2020-08-22 11:59:00,-0.00721,0.01495,0.00846,-0.0016431834302279747,0.014721491152537344,0.005965718760735983
MUR100ITA,EURA14,2020-08-23 11:59:00,-0.00878,0.01483,0.01257,-0.003213183430227974,0.014601491152537343,0.010075718760735982
MUR100ITA,EURA14,2020-08-24 11:59:00,-0.00711,0.01444,0.01084,-0.0015431834302279744,0.014211491152537344,0.008345718760735983
MUR100ITA,EURA14,2020-08-25 11:59:00,-0.00618,0.01667,0.00638,-0.0006131834302279741,0.016441491152537346,0.003885718760735984
MUR100ITA,EURA14,2020-08-26 11:59:00,-0.00679,0.01546,0.00744,-0.0012231834302279744,0.015231491152537344,0.004945718760735985
MUR100ITA,EURA14,2020-08-27 11:59:00,-0.00708,0.01537,0.00632,-0.0015131834302279747,0.015141491152537344,0.003825718760735984
MUR100ITA,EURA14,2020-08-28 11:59:00,-0.00732,0.01688,0.00935,-0.0017531834302279745,0.01665149115253734,0.006855718760735983
MUR100ITA,EURA14,2020-08-29 11:59:00,-0.00649,0.01711,0.01382,-0.0009231834302279745,0.016881491152537342,0.011325718760735983
MUR100ITA,EURA14,2020-08-30 11:59:00,-0.006615,0.016105,0.01234,-0.0010481834302279746,0.015876491152537343,0.009845718760735983
MUR100ITA,EURA14,2020-08-31 11:59:00,-0.00674,0.0151,0.01086,-0.0011731834302279747,0.014871491152537344,0.008365718760735982
MUR100ITA,EURA14,2020-09-01 11:59:00,-0.00632,0.01632,0.01114,-0.0007531834302279745,0.016091491152537343,0.008645718760735983
MUR100ITA,EURA14,2020-09-02 11:59:00,-0.00722,0.01597,0.00732,-0.0016531834302279742,0.015741491152537347,0.004825718760735984
MUR100ITA,EURA14,2020-09-03 11:59:00,-0.00534,0.01624,0.01193,0.00022681656977202548,0.016011491152537347,0.009435718760735982
MUR100ITA,EURA14,2020-09-04 11:59:00,-0.0049,0.01625,0.00536,0.0006668165697720258,0.016021491152537343,0.002865718760735984
MUR100ITA,EURA14,2020-09-05 11:59:00,-0.005,0.01647,0.01276,0.0005668165697720255,0.01624149115253734,0.010265718760735983
MUR100ITA,EURA14,2020-09-06 11:59:00,-0.00496,0.01719,0.0116,0.0006068165697720256,0.016961491152537346,0.009105718760735982
MUR100ITA,EURA14,2020-09-07 11:59:00,-0.00532,0.01718,0.01221,0.00024681656977202553,0.016951491152537343,0.009715718760735983
MUR100ITA,EURA14,2020-09-08 11:59:00,-0.00555,0.01743,0.00814,1.681656977202536e-05,0.017201491152537343,0.005645718760735984
MUR100ITA,EURA14,2020-09-09 11:59:00,-0.00649,0.01677,0.0062,-0.0009231834302279745,0.016541491152537342,0.0037057187607359835
MUR100ITA,EURA14,2020-09-10 11:59:00,-0.00612,0.017,0.00643,-0.000553183430227974,0.016771491152537343,0.003935718760735984
MUR100ITA,EURA14,2020-09-11 11:59:00,-0.00699,0.01651,0.00697,-0.001423183430227974,0.016281491152537346,0.004475718760735983
MUR100ITA,EURA14,2020-09-12 11:59:00,-0.00606,0.01617,0.00955,-0.0004931834302279747,0.015941491152537346,0.007055718760735982
MUR100ITA,EURA14,2020-09-13 11:59:00,-0.00585,0.01742,0.00673,-0.00028318343022797456,0.017191491152537347,0.004235718760735984
MUR100ITA,EURA14,2020-09-14 11:59:00,-0.00654,0.01671,0.00564,-0.0009731834302279742,0.016481491152537345,0.003145718760735984
MUR100ITA,EURA14,2020-09-15 11:59:00,-0.00548,0.01609,0.00745,8.681656977202598e-05,0.015861491152537342,0.004955718760735984
MUR100ITA,EURA14,2020-09-16 11:59:00,-0.00492,0.01601,0.00764,0.0006468165697720257,0.015781491152537346,0.005145718760735983
MUR100ITA,EURA14,2020-09-17 11:59:00,-0.0055,0.01682,0.01028,6.681656977202593e-05,0.016591491152537344,0.007785718760735982
MUR100ITA,EURA14,2020-09-18 11:59:00,-0.00625,0.0169,0.00733,-0.0006831834302279747,0.01667149115253734,0.004835718760735984
MUR100ITA,EURA14,2020-09-19 11:59:00,-0.00515,0.01649,0.00858,0.00041681656977202554,0.016261491152537347,0.006085718760735983
MUR100ITA,EURA14,2020-09-20 11:59:00,-0.00518,0.01644,0.01375,0.0003868165697720259,0.016211491152537345,0.011255718760735983
MUR100ITA,EURA14,2020-09-21 11:59:00,-0.00383,0.01526,0.0131,0.0017368165697720253,0.015031491152537343,0.010605718760735983
MUR100ITA,EURA14,2020-09-22 11:59:00,-0.00513,0.01486,0.00922,0.0004368165697720256,0.014631491152537344,0.006725718760735983
MUR100ITA,EURA14,2020-09-23 11:59:00,-0.00673,0.01804,0.01264,-0.0011631834302279743,0.017811491152537343,0.010145718760735983
MUR100ITA,EURA14,2020-09-24 11:59:00,-0.00438,0.01565,0.00961,0.0011868165697720254,0.015421491152537345,0.007115718760735983
MUR100ITA,EURA14,2020-09-25 11:59:00,-0.00131,0.01775,0.02038,0.004256816569772026,0.017521491152537344,0.017885718760735983
MUR100ITA,EURA14,2020-09-26 11:59:00,-0.00467,0.01736,0.01253,0.0008968165697720259,0.017131491152537343,0.010035718760735982
MUR100ITA,EURA14,2020-09-27 11:59:00,-0.00378,0.01699,0.01229,0.0017868165697720254,0.016761491152537347,0.009795718760735983
MUR100ITA,EURA14,2020-09-28 11:59:00,-0.00312,0.01689,0.00852,0.0024468165697720257,0.016661491152537344,0.006025718760735982
MUR100ITA,EURA14,2020-09-29 11:59:00,-0.00305,0.0184,0.00783,0.0025168165697720254,0.018171491152537342,0.005335718760735984
MUR100ITA,EURA14,2020-09-30 11:59:00,-0.00384,0.01843,0.00566,0.0017268165697720253,0.018201491152537344,0.003165718760735984
MUR100ITA,EURA14,2020-10-01 11:59:00,-0.00322,0.01716,0.00966,0.0023468165697720254,0.016931491152537344,0.007165718760735983
MUR100ITA,EURA14,2020-10-02 11:59:00,-0.00403,0.01566,0.00842,0.0015368165697720259,0.015431491152537344,0.005925718760735983
MUR100ITA,EURA14,2020-10-03 11:59:00,-0.001,0.01681,0.01636,0.004566816569772025,0.01658149115253734,0.013865718760735982
MUR100ITA,EURA14,2020-10-04 11:59:00,-0.00073,0.01758,0.01345,0.004836816569772025,0.01735149115253734,0.010955718760735983
MUR100ITA,EURA14,2020-10-05 11:59:00,-0.00379,0.01766,0.00768,0.0017768165697720254,0.017431491152537344,0.0051857187607359835
MUR100ITA,EURA14,2020-10-06 11:59:00,-0.00246,0.01585,0.01154,0.0031068165697720257,0.015621491152537343,0.009045718760735982
MUR100ITA,EURA14,2020-10-07 11:59:00,-0.00278,0.01816,0.00893,0.0027868165697720257,0.017931491152537345,0.006435718760735983
MUR100ITA,EURA14,2020-10-08 11:59:00,-0.00308,0.0175,0.00587,0.0024868165697720258,0.017271491152537344,0.003375718760735984
MUR100ITA,EURA14,2020-10-09 11:59:00,-0.00277,0.01829,0.00443,0.0027968165697720253,0.018061491152537343,0.0019357187607359837
MUR100ITA,EURA14,2020-10-10 11:59:00,-0.00193,0.01804,0.00697,0.0036368165697720253,0.017811491152537343,0.004475718760735983
MUR100ITA,EURA14,2020-10-11 11:59:00,-0.00316,0.01735,0.01006,0.0024068165697720256,0.017121491152537346,0.007565718760735982
MUR100ITA,EURA14,2020-10-12 11:59:00,-0.0029,0.01828,0.00742,0.0026668165697720254,0.018051491152537347,0.004925718760735984
MUR100ITA,EURA14,2020-10-13 11:59:00,-0.00289,0.01756,0.00941,0.002676816569772025,0.01733149115253734,0.006915718760735982
MUR100ITA,EURA14,2020-10-14 11:59:00,-0.00348,0.01758,0.00938,0.0020868165697720256,0.01735149115253734,0.006885718760735982
MUR100ITA,EURA14,2020-10-15 11:59:00,-0.0038,0.01823,0.0137,0.0017668165697720254,0.018001491152537345,0.011205718760735983
MUR100ITA,EURA14,2020-10-16 11:59:00,-0.00305,0.01773,0.00762,0.0025168165697720254,0.017501491152537345,0.005125718760735984
MUR100ITA,EURA14,2020-10-17 11:59:00,-0.00434,0.01641,0.00789,0.0012268165697720255,0.016181491152537343,0.005395718760735984
MUR100ITA,EURA14,2020-10-18 11:59:00,-0.0027,0.01796,0.00593,0.002866816569772025,0.017731491152537346,0.003435718760735984
MUR100ITA,EURA14,2020-10-19 11:59:00,-0.00331,0.01722,0.00074,0.0022568165697720256,0.01699149115253734,-0.0017542812392640167
MUR100ITA,EURA14,2020-10-20 11:59:00,-0.00323,0.01687,-0.00041,0.002336816569772026,0.016641491152537345,-0.0029042812392640165
MUR100ITA,EURA14,2020-10-21 11:59:00,-0.0027,0.01644,0.00424,0.002866816569772025,0.016211491152537345,0.0017457187607359832
MUR100ITA,EURA14,2020-10-22 11:59:00,-0.00271,0.01693,0.00664,0.0028568165697720254,0.016701491152537343,0.004145718760735984
MUR100ITA,EURA14,2020-10-23 11:59:00,-0.00315,0.01766,0.00455,0.002416816569772025,0.017431491152537344,0.002055718760735984
MUR100ITA,EURA14,2020-10-24 11:59:00,-0.00293,0.01525,0.01128,0.0026368165697720257,0.015021491152537344,0.008785718760735983
MUR100ITA,EURA14,2020-10-25 11:59:00,-0.00297,0.01679,0.00922,0.0025968165697720256,0.01656149115253734,0.006725718760735983
MUR100ITA,EURA14,2020-10-26 11:59:00,-0.00122,0.01757,0.01476,0.0043468165697720254,0.017341491152537344,0.012265718760735983
MUR100ITA,EURA14,2020-10-27 11:59:00,-0.00254,0.01649,0.01316,0.0030268165697720254,0.016261491152537347,0.010665718760735982
MUR100ITA,EURA14,2020-10-28 11:59:00,-0.00293,0.01673,0.00496,0.0026368165697720257,0.016501491152537344,0.0024657187607359837
MUR100ITA,EURA14,2020-10-29 11:59:00,-0.00405,0.01704,0.00656,0.0015168165697720258,0.01681149115253734,0.004065718760735984
MUR100ITA,EURA14,2020-10-30 11:59:00,-0.00328,0.01682,0.0071,0.0022868165697720252,0.016591491152537344,0.004605718760735985
MUR100ITA,EURA14,2020-10-31 11:59:00,-0.00378,0.01737,0.00679,0.0017868165697720254,0.017141491152537346,0.004295718760735983
MUR100ITA,EURA14,2020-11-01 11:59:00,-0.00411,0.01659,0.00393,0.0014568165697720257,0.016361491152537343,0.0014357187607359836
MUR100ITA,EURA14,2020-11-02 11:59:00,-0.00418,0.01659,0.00788,0.001386816569772026,0.016361491152537343,0.005385718760735984
MUR100ITA,EURA14,2020-11-03 11:59:00,-0.00261,0.01704,0.00816,0.0029568165697720257,0.01681149115253734,0.005665718760735985
MUR100ITA,EURA14,2020-11-04 11:59:00,-0.00315,0.01714,0.01222,0.002416816569772025,0.016911491152537345,0.009725718760735982
MUR100ITA,EURA14,2020-11-05 11:59:00,-0.00292,0.01722,0.00623,0.0026468165697720253,0.01699149115253734,0.003735718760735984
MUR100ITA,EURA14,2020-11-06 11:59:00,-0.00336,0.01787,0.00408,0.002206816569772025,0.017641491152537346,0.0015857187607359836
MUR100ITA,EURA14,2020-11-07 11:59:00,-0.00368,0.01675,0.00397,0.0018868165697720253,0.016521491152537343,0.0014757187607359829
MUR100ITA,EURA14,2020-11-08 11:59:00,-0.00277,0.0169,0.00534,0.0027968165697720253,0.01667149115253734,0.002845718760735984
MUR100ITA,EURA14,2020-11-09 11:59:00,-0.00339,0.01756,0.00843,0.0021768165697720254,0.01733149115253734,0.0059357187607359824
MUR100ITA,EURA14,2020-11-10 11:59:00,-0.00316,0.01743,0.00782,0.0024068165697720256,0.017201491152537343,0.005325718760735985
MUR100ITA,EURA14,2020-11-11 11:59:00,-0.00302,0.01796,0.00777,0.002546816569772025,0.017731491152537346,0.005275718760735983
MUR100ITA,EURA14,2020-11-12 11:59:00,-0.0029,0.017,0.01319,0.0026668165697720254,0.016771491152537343,0.010695718760735983
MUR100ITA,EURA14,2020-11-13 11:59:00,-0.00215,0.01814,0.00483,0.003416816569772025,0.017911491152537345,0.002335718760735984
MUR100ITA,EURA14,2020-11-14 11:59:00,-0.00367,0.0174,0.00782,0.0018968165697720253,0.01717149115253734,0.005325718760735985
MUR100ITA,EURA14,2020-11-15 11:59:00,-0.003,0.01696,0.00916,0.002566816569772025,0.016731491152537345,0.006665718760735982
MUR100ITA,EURA14,2020-11-16 11:59:00,-0.00288,0.01685,0.00986,0.0026868165697720254,0.016621491152537346,0.007365718760735983
MUR100ITA,EURA14,2020-11-17 11:59:00,-0.00372,0.0171,0.01169,0.0018468165697720252,0.016871491152537346,0.009195718760735983
MUR100ITA,EURA14,2020-11-18 11:59:00,-0.00251,0.01789,0.00636,0.003056816569772025,0.017661491152537345,0.003865718760735984
MUR100ITA,EURA14,2020-11-19 11:59:00,-0.00248,0.01664,0.00703,0.0030868165697720256,0.016411491152537344,0.004535718760735984
MUR100ITA,EURA14,2020-11-20 11:59:00,-0.00348,0.01671,0.01034,0.0020868165697720256,0.016481491152537345,0.007845718760735983
MUR100ITA,EURA14,2020-11-21 11:59:00,-0.00969,0.01013,0.00286,-0.0041231834302279755,0.009901491152537344,0.00036571876073598344
MUR100ITA,EURA14,2020-11-22 11:59:00,-0.00224,0.01555,0.00243,0.0033268165697720254,0.015321491152537343,-6.428123926401682e-05
MUR100ITA,EURA14,2020-11-23 11:59:00,-0.00194,0.01685,0.00642,0.0036268165697720253,0.016621491152537346,0.0039257187607359845
MUR100ITA,EURA14,2020-11-24 11:59:00,-0.00328,0.01744,0.00516,0.0022868165697720252,0.017211491152537346,0.0026657187607359834
MUR100ITA,EURA14,2020-11-25 11:59:00,-0.00247,0.0178,0.00611,0.003096816569772025,0.017571491152537345,0.0036157187607359837
MUR100ITA,EURA14,2020-11-26 11:59:00,-0.00402,0.01739,0.00868,0.0015468165697720255,0.017161491152537345,0.006185718760735983
MUR100ITA,EURA14,2020-11-27 11:59:00,-0.00342,0.01673,0.0127,0.0021468165697720257,0.016501491152537344,0.010205718760735982
MUR100ITA,EURA14,2020-11-28 11:59:00,-0.00353,0.01658,0.01225,0.002036816569772025,0.016351491152537347,0.009755718760735983
MUR100ITA,EURA14,2020-11-29 11:59:00,-0.00536,0.01567,0.00722,0.00020681656977202542,0.015441491152537344,0.004725718760735983
MUR100ITA,EURA14,2020-11-30 11:59:00,-0.00376,0.01711,0.00836,0.0018068165697720255,0.016881491152537342,0.005865718760735982
MUR100ITA,EURA14,2020-12-01 11:59:00,-0.00299,0.0176,0.00779,0.0025768165697720256,0.017371491152537347,0.005295718760735984
MUR100ITA,EURA14,2020-12-02 11:59:00,-0.00276,0.01687,0.00883,0.0028068165697720257,0.016641491152537345,0.006335718760735982
MUR100ITA,EURA14,2020-12-03 11:59:00,-0.00247,0.01633,0.00972,0.003096816569772025,0.016101491152537346,0.007225718760735982
MUR100ITA,EURA14,2020-12-04 11:59:00,-0.00122,0.01501,0.01875,0.0043468165697720254,0.014781491152537345,0.016255718760735983
MUR100ITA,EURA14,2020-12-05 11:59:00,-0.00241,0.01499,0.01525,0.0031568165697720254,0.014761491152537344,0.012755718760735982
MUR100ITA,EURA14,2020-12-06 11:59:00,-0.00153,0.01733,0.01131,0.004036816569772025,0.017101491152537347,0.008815718760735983
MUR100ITA,EURA14,2020-12-07 11:59:00,-0.00234,0.01753,0.01157,0.003226816569772025,0.017301491152537346,0.009075718760735983
MUR100ITA,EURA14,2020-12-08 11:59:00,-0.00236,0.01695,0.01101,0.003206816569772025,0.016721491152537342,0.008515718760735983
MUR100ITA,EURA14,2020-12-09 11:59:00,-0.00328,0.01734,0.01177,0.0022868165697720252,0.017111491152537343,0.009275718760735982
MUR100ITA,EURA14,2020-12-10 11:59:00,-0.00305,0.01737,0.00626,0.0025168165697720254,0.017141491152537346,0.0037657187607359837
MUR100ITA,EURA14,2020-12-11 11:59:00,-0.00286,0.01714,0.0082,0.0027068165697720255,0.016911491152537345,0.005705718760735983
MUR100ITA,EURA14,2020-12-12 11:59:00,-0.00361,0.01748,0.00848,0.0019568165697720257,0.017251491152537345,0.005985718760735982
MUR100ITA,EURA14,2020-12-13 11:59:00,-0.00319,0.01805,0.00662,0.002376816569772025,0.017821491152537346,0.004125718760735983
MUR100ITA,EURA14,2020-12-14 11:59:00,-0.00325,0.01752,0.00744,0.0023168165697720258,0.017291491152537343,0.004945718760735985
MUR100ITA,EURA14,2020-12-15 11:59:00,-0.00281,0.01782,0.00613,0.002756816569772025,0.017591491152537345,0.0036357187607359838
MUR100ITA,EURA14,2020-12-16 11:59:00,-0.00256,0.01764,0.00114,0.0030068165697720254,0.017411491152537345,-0.0013542812392640167
MUR100ITA,EURA14,2020-12-17 11:59:00,-0.00273,0.01781,0.00287,0.0028368165697720254,0.01758149115253734,0.00037571876073598347
MUR100ITA,EURA14,2020-12-18 11:59:00,-0.00278,0.01801,0.00264,0.0027868165697720257,0.017781491152537347,0.0001457187607359833
MUR100ITA,EURA14,2020-12-19 11:59:00,-0.00262,0.0181,0.00456,0.0029468165697720252,0.017871491152537347,0.0020657187607359836
MUR100ITA,EURA14,2020-12-20 11:59:00,-0.0022,0.01852,0.00579,0.0033668165697720255,0.018291491152537344,0.0032957187607359838
MUR100ITA,EURA14,2020-12-21 11:59:00,-0.00286,0.01796,0.00743,0.0027068165697720255,0.017731491152537346,0.004935718760735983
MUR100ITA,EURA14,2020-12-22 11:59:00,-0.00343,0.01842,0.00532,0.0021368165697720253,0.01819149115253734,0.002825718760735984
MUR100ITA,EURA14,2020-12-23 11:59:00,-0.00177,0.01836,0.00393,0.0037968165697720253,0.018131491152537343,0.0014357187607359836
MUR100ITA,EURA14,2020-12-24 11:59:00,-0.00155,0.01869,0.01163,0.004016816569772026,0.01846149115253734,0.009135718760735982
MUR100ITA,EURA14,2020-12-25 11:59:00,-0.00111,0.02008,0.01631,0.004456816569772025,0.019851491152537343,0.013815718760735984
MUR100ITA,EURA14,2020-12-26 11:59:00,-0.00431,0.01834,0.00916,0.001256816569772026,0.018111491152537344,0.006665718760735982
MUR100ITA,EURA14,2020-12-27 11:59:00,-0.00291,0.01766,0.0121,0.0026568165697720258,0.017431491152537344,0.009605718760735982
MUR100ITA,EURA14,2020-12-28 11:59:00,0.00134,0.01765,0.01413,0.006906816569772026,0.01742149115253734,0.011635718760735983
MUR100ITA,EURA14,2020-12-29 11:59:00,-0.00097,0.01809,0.01305,0.004596816569772025,0.017861491152537344,0.010555718760735983
MUR100ITA,EURA14,2020-12-30 11:59:00,-0.00072,0.01432,0.00722,0.004846816569772025,0.014091491152537343,0.004725718760735983
MUR100ITA,EURA14,2020-12-31 11:59:00,-0.003,0.01739,0.00512,0.002566816569772025,0.017161491152537345,0.002625718760735984
MUR100ITA,EURA14,2021-01-01 11:59:00,-0.00301,0.01864,0.00837,0.0025568165697720255,0.018411491152537346,0.005875718760735983
MUR100ITA,EURA14,2021-01-02 11:59:00,-0.00298,0.01834,0.00919,0.002586816569772025,0.018111491152537344,0.006695718760735983
MUR100ITA,EURA14,2021-01-03 11:59:00,-0.00209,0.01882,0.0113,0.0034768165697720253,0.018591491152537346,0.008805718760735982
MUR100ITA,EURA14,2021-01-04 11:59:00,-0.00263,0.01949,0.00921,0.0029368165697720256,0.019261491152537343,0.006715718760735982
MUR100ITA,EURA14,2021-01-05 11:59:00,0.00023,0.02161,0.00558,0.005796816569772025,0.021381491152537346,0.0030857187607359836
MUR100ITA,EURA14,2021-01-06 11:59:00,-0.00246,0.01841,0.00294,0.0031068165697720257,0.018181491152537345,0.0004457187607359832
MUR100ITA,EURA14,2021-01-07 11:59:00,-0.00256,0.01893,0.00676,0.0030068165697720254,0.018701491152537345,0.0042657187607359846
MUR100ITA,EURA14,2021-01-08 11:59:00,-0.00255,0.01851,0.00808,0.003016816569772025,0.01828149115253734,0.0055857187607359846
MUR100ITA,EURA14,2021-01-09 11:59:00,-0.0031,0.01875,0.00873,0.0024668165697720257,0.018521491152537345,0.006235718760735982
MUR100ITA,EURA14,2021-01-10 11:59:00,-0.00436,0.01953,0.01196,0.0012068165697720254,0.01930149115253734,0.009465718760735983
MUR100ITA,EURA14,2021-01-11 11:59:00,-0.00347,0.01907,0.00763,0.002096816569772025,0.018841491152537346,0.005135718760735984
MUR100ITA,EURA14,2021-01-12 11:59:00,-0.00309,0.01918,0.0069,0.0024768165697720253,0.018951491152537345,0.004405718760735984
MUR100ITA,EURA14,2021-01-13 11:59:00,-0.00306,0.01938,0.00261,0.002506816569772026,0.019151491152537344,0.00011571876073598322
MUR100ITA,EURA14,2021-01-14 11:59:00,-0.00329,0.0198,0.00635,0.0022768165697720257,0.019571491152537347,0.0038557187607359835
MUR100ITA,EURA14,2021-01-15 11:59:00,-0.00264,0.01902,0.00638,0.002926816569772025,0.018791491152537344,0.003885718760735984
MUR100ITA,EURA14,2021-01-16 11:59:00,-0.00373,0.01747,-0.0003,0.0018368165697720256,0.01724149115253734,-0.0027942812392640166
MUR100ITA,EURA14,2021-01-17 11:59:00,-0.00262,0.0188,0.00453,0.0029468165697720252,0.018571491152537346,0.002035718760735984
MUR100ITA,EURA14,2021-01-18 11:59:00,-0.00242,0.01903,0.00152,0.0031468165697720258,0.01880149115253734,-0.0009742812392640166
MUR100ITA,EURA14,2021-01-19 11:59:00,-0.00221,0.01834,0.00326,0.003356816569772025,0.018111491152537344,0.0007657187607359832
MUR100ITA,EURA14,2021-01-20 11:59:00,-0.00342,0.0183,0.00349,0.0021468165697720257,0.018071491152537346,0.0009957187607359834
MUR100ITA,EURA14,2021-01-21 11:59:00,-0.00325,0.01714,0.00941,0.0023168165697720258,0.016911491152537345,0.006915718760735982
MUR100ITA,EURA14,2021-01-22 11:59:00,0.00153,0.01971,0.01043,0.007096816569772025,0.01948149115253734,0.007935718760735982
MUR100ITA,EURA14,2021-01-23 11:59:00,-0.00203,0.0187,0.0101,0.0035368165697720255,0.018471491152537343,0.007605718760735982
MUR100ITA,EURA14,2021-01-24 11:59:00,-0.00233,0.02001,0.01414,0.0032368165697720256,0.019781491152537342,0.011645718760735982
MUR100ITA,EURA14,2021-01-25 11:59:00,-0.00114,0.02044,0.00632,0.004426816569772026,0.020211491152537342,0.003825718760735984
MUR100ITA,EURA14,2021-01-26 11:59:00,-0.00339,0.01918,0.00694,0.0021768165697720254,0.018951491152537345,0.004445718760735984
MUR100ITA,EURA14,2021-01-27 11:59:00,-0.00332,0.01932,0.00421,0.002246816569772025,0.019091491152537346,0.0017157187607359835
MUR100ITA,EURA14,2021-01-28 11:59:00,-0.00319,0.01829,0.00394,0.002376816569772025,0.018061491152537343,0.0014457187607359832
MUR100ITA,EURA14,2021-01-29 11:59:00,-0.00154,0.01877,0.00357,0.0040268165697720255,0.018541491152537344,0.0010757187607359831
MUR100ITA,EURA14,2021-01-30 11:59:00,-0.00436,0.02017,0.00443,0.0012068165697720254,0.019941491152537343,0.0019357187607359837
MUR100ITA,EURA14,2021-01-31 11:59:00,-0.00254,0.01839,0.01011,0.0030268165697720254,0.018161491152537346,0.007615718760735982
MUR100ITA,EURA14,2021-02-01 11:59:00,-0.00353,0.01833,0.00936,0.002036816569772025,0.01810149115253734,0.006865718760735983
MUR100ITA,EURA14,2021-02-02 11:59:00,-0.00387,0.01943,0.00626,0.0016968165697720252,0.019201491152537345,0.0037657187607359837
MUR100ITA,EURA14,2021-02-03 11:59:00,-0.00321,0.02011,0.00398,0.002356816569772025,0.019881491152537345,0.0014857187607359833
MUR100ITA,EURA14,2021-02-04 11:59:00,-0.00325,0.01931,0.00639,0.0023168165697720258,0.019081491152537343,0.0038957187607359836
MUR100ITA,EURA14,2021-02-05 11:59:00,-0.00273,0.01903,0.00568,0.0028368165697720254,0.01880149115253734,0.003185718760735984
MUR100ITA,EURA14,2021-02-06 11:59:00,-0.00286,0.01972,0.00842,0.0027068165697720255,0.019491491152537344,0.005925718760735983
MUR100ITA,EURA14,2021-02-07 11:59:00,-0.00291,0.02093,0.0126,0.0026568165697720258,0.020701491152537346,0.010105718760735983
MUR100ITA,EURA14,2021-02-08 11:59:00,-0.00178,0.01952,0.01384,0.0037868165697720257,0.019291491152537345,0.011345718760735982
MUR100ITA,EURA14,2021-02-09 11:59:00,-0.00277,0.01986,0.00952,0.0027968165697720253,0.019631491152537345,0.007025718760735983
MUR100ITA,EURA14,2021-02-10 11:59:00,-0.0022,0.01821,0.01344,0.0033668165697720255,0.017981491152537346,0.010945718760735983
MUR100ITA,EURA14,2021-02-11 11:59:00,-0.00376,0.01982,0.00639,0.0018068165697720255,0.019591491152537346,0.0038957187607359836
MUR100ITA,EURA14,2021-02-12 11:59:00,-0.00315,0.01957,0.00624,0.002416816569772025,0.019341491152537346,0.0037457187607359836
MUR100ITA,EURA14,2021-02-13 11:59:00,-0.00426,0.02085,0.00521,0.0013068165697720257,0.020621491152537343,0.002715718760735984
MUR100ITA,EURA14,2021-02-14 11:59:00,-0.00395,0.0182,0.00608,0.0016168165697720252,0.017971491152537343,0.003585718760735984
MUR100ITA,EURA14,2021-02-15 11:59:00,-0.00318,0.01979,0.00023,0.0023868165697720255,0.019561491152537344,-0.0022642812392640165
MUR100ITA,EURA14,2021-02-16 11:59:00,-0.00312,0.02004,0.00319,0.0024468165697720257,0.019811491152537344,0.0006957187607359834
MUR100ITA,EURA14,2021-02-17 11:59:00,-0.00184,0.0197,0.00552,0.0037268165697720256,0.019471491152537344,0.0030257187607359835
MUR100ITA,EURA14,2021-02-18 11:59:00,-0.00233,0.01975,0.00476,0.0032368165697720256,0.019521491152537346,0.002265718760735984
MUR100ITA,EURA14,2021-02-19 11:59:00,-0.0022,0.02063,0.0041,0.0033668165697720255,0.020401491152537345,0.0016057187607359837
MUR100ITA,EURA14,2021-02-20 11:59:00,-0.00251,0.02039,0.00403,0.003056816569772025,0.02016149115253734,0.001535718760735983
MUR100ITA,EURA14,2021-02-21 11:59:00,-0.00179,0.02013,0.00302,0.0037768165697720252,0.019901491152537344,0.0005257187607359834
MUR100ITA,EURA14,2021-02-22 11:59:00,-0.00226,0.02074,0.00113,0.0033068165697720253,0.020511491152537344,-0.0013642812392640168
MUR100ITA,EURA14,2021-02-23 11:59:00,-0.00259,0.02125,0.00535,0.0029768165697720258,0.021021491152537347,0.0028557187607359835
MUR100ITA,EURA14,2021-02-24 11:59:00,-0.00253,0.02121,0.00303,0.003036816569772025,0.020981491152537342,0.0005357187607359835
MUR100ITA,EURA14,2021-02-25 11:59:00,-0.00199,0.02048,0.00519,0.0035768165697720256,0.020251491152537347,0.002695718760735984
MUR100ITA,EURA14,2021-02-26 11:59:00,-0.00263,0.02133,0.00791,0.0029368165697720256,0.021101491152537344,0.0054157187607359845
MUR100ITA,EURA14,2021-02-27 11:59:00,-0.00296,0.02162,0.0106,0.002606816569772025,0.021391491152537342,0.008105718760735982
MUR100ITA,EURA14,2021-02-28 11:59:00,-0.00241,0.02074,0.00613,0.0031568165697720254,0.020511491152537344,0.0036357187607359838
MUR100ITA,EURA14,2021-03-01 11:59:00,-0.00218,0.02148,0.00741,0.0033868165697720255,0.02125149115253734,0.004915718760735984
MUR100ITA,EURA14,2021-03-02 11:59:00,-0.00223,0.02058,0.00702,0.003336816569772025,0.020351491152537343,0.004525718760735984
MUR100ITA,EURA14,2021-03-03 11:59:00,-0.00248,0.02125,0.00833,0.0030868165697720256,0.021021491152537347,0.005835718760735983
MUR100ITA,EURA14,2021-03-04 11:59:00,-0.00225,0.0207,0.00833,0.0033168165697720258,0.020471491152537345,0.005835718760735983
MUR100ITA,EURA14,2021-03-05 11:59:00,-0.00265,0.0209,0.01171,0.0029168165697720256,0.020671491152537344,0.009215718760735982
MUR100ITA,EURA14,2021-03-06 11:59:00,-0.00261,0.02146,0.00771,0.0029568165697720257,0.021231491152537342,0.005215718760735984
MUR100ITA,EURA14,2021-03-07 11:59:00,-0.00191,0.02175,0.00573,0.0036568165697720254,0.02152149115253734,0.0032357187607359836
MUR100ITA,EURA14,2021-03-08 11:59:00,-0.00251,0.02013,0.0119,0.003056816569772025,0.019901491152537344,0.009405718760735983
MUR100ITA,EURA14,2021-03-09 11:59:00,-0.00237,0.02114,0.00794,0.0031968165697720255,0.02091149115253734,0.005445718760735983
MUR100ITA,EURA14,2021-03-10 11:59:00,-0.0021,0.02058,0.00564,0.0034668165697720257,0.020351491152537343,0.003145718760735984
MUR100ITA,EURA14,2021-03-11 11:59:00,-0.00192,0.02096,0.00794,0.0036468165697720253,0.02073149115253734,0.005445718760735983
MUR100ITA,EURA14,2021-03-12 11:59:00,0.0017,0.02179,0.00855,0.007266816569772025,0.021561491152537346,0.006055718760735983
MUR100ITA,EURA14,2021-03-13 11:59:00,-0.00182,0.02123,0.0057,0.0037468165697720256,0.02100149115253734,0.003205718760735984
MUR100ITA,EURA14,2021-03-14 11:59:00,-0.00047,0.02219,0.00972,0.005096816569772025,0.021961491152537344,0.007225718760735982
MUR100ITA,EURA14,2021-03-15 11:59:00,-0.00167,0.02178,0.008,0.0038968165697720256,0.021551491152537343,0.005505718760735984
MUR100ITA,EURA14,2021-03-16 11:59:00,-0.00312,0.02122,0.00912,0.0024468165697720257,0.020991491152537345,0.006625718760735982
MUR100ITA,EURA14,2021-03-17 11:59:00,-0.00299,0.0213,0.00966,0.0025768165697720256,0.02107149115253734,0.007165718760735983
MUR100ITA,EURA14,2021-03-18 11:59:00,-0.00286,0.02082,0.00761,0.0027068165697720255,0.020591491152537347,0.005115718760735983
MUR100ITA,EURA14,2021-03-19 11:59:00,-0.00198,0.0206,0.00873,0.003586816569772025,0.020371491152537342,0.006235718760735982
MUR100ITA,EURA14,2021-03-20 11:59:00,-0.00292,0.02063,0.00738,0.0026468165697720253,0.020401491152537345,0.004885718760735984
MUR100ITA,EURA14,2021-03-21 11:59:00,-0.00269,0.02044,0.01055,0.0028768165697720255,0.020211491152537342,0.008055718760735983
MUR100ITA,EURA14,2021-03-22 11:59:00,-0.00321,0.01904,0.00738,0.002356816569772025,0.018811491152537343,0.004885718760735984
MUR100ITA,EURA14,2021-03-23 11:59:00,-0.00354,0.01844,0.00514,0.0020268165697720254,0.018211491152537347,0.0026457187607359833
MUR100ITA,EURA14,2021-03-24 11:59:00,-0.00219,0.02123,0.00332,0.003376816569772025,0.02100149115253734,0.0008257187607359833
MUR100ITA,EURA14,2021-03-25 11:59:00,-0.00218,0.02102,0.00553,0.0033868165697720255,0.020791491152537346,0.003035718760735984
MUR100ITA,EURA14,2021-03-26 11:59:00,-0.00146,0.02132,0.00327,0.004106816569772026,0.02109149115253734,0.0007757187607359832
MUR100ITA,EURA14,2021-03-27 11:59:00,-0.00214,0.02127,0.00382,0.0034268165697720256,0.021041491152537346,0.0013257187607359834
MUR100ITA,EURA14,2021-03-28 11:59:00,-0.00131,0.02257,0.00158,0.004256816569772026,0.022341491152537342,-0.0009142812392640167
MUR100ITA,EURA14,2021-03-29 11:59:00,-0.00177,0.02107,0.00516,0.0037968165697720253,0.02084149115253734,0.0026657187607359834
MUR100ITA,EURA14,2021-03-30 11:59:00,-0.00235,0.02242,0.00565,0.0032168165697720255,0.022191491152537345,0.0031557187607359834
MUR100ITA,EURA14,2021-03-31 11:59:00,-0.00192,0.02216,0.00945,0.0036468165697720253,0.02193149115253734,0.0069557187607359825
MUR100ITA,EURA14,2021-04-01 11:59:00,-0.00198,0.02162,0.00924,0.003586816569772025,0.021391491152537342,0.006745718760735982
MUR100ITA,EURA14,2021-04-02 11:59:00,-0.00244,0.02146,0.00784,0.0031268165697720257,0.021231491152537342,0.005345718760735984
MUR100ITA,EURA14,2021-04-03 11:59:00,-0.00158,0.02195,0.00996,0.003986816569772025,0.021721491152537346,0.0074657187607359825
MUR100ITA,EURA14,2021-04-04 11:59:00,-0.00246,0.02119,0.00557,0.0031068165697720257,0.020961491152537343,0.003075718760735984
MUR100ITA,EURA14,2021-04-05 11:59:00,-0.00198,0.02133,0.00456,0.003586816569772025,0.021101491152537344,0.0020657187607359836
MUR100ITA,EURA14,2021-04-06 11:59:00,-0.0024,0.02037,0.01109,0.003166816569772026,0.02014149115253734,0.008595718760735982
MUR100ITA,EURA14,2021-04-07 11:59:00,-0.00296,0.0206,0.00914,0.002606816569772025,0.020371491152537342,0.006645718760735983
MUR100ITA,EURA14,2021-04-08 11:59:00,-0.00213,0.02167,0.00425,0.0034368165697720252,0.021441491152537344,0.0017557187607359836
MUR100ITA,EURA14,2021-04-09 11:59:00,-0.00192,0.02129,0.00295,0.0036468165697720253,0.021061491152537345,0.00045571876073598324
MUR100ITA,EURA14,2021-04-10 11:59:00,-0.00299,0.02102,0.00191,0.0025768165697720256,0.020791491152537346,-0.0005842812392640167
MUR100ITA,EURA14,2021-04-11 11:59:00,-0.00187,0.02361,-0.00151,0.0036968165697720255,0.02338149115253734,-0.004004281239264017
MUR100ITA,EURA14,2021-04-12 11:59:00,-0.00286,0.02204,0.00484,0.0027068165697720255,0.021811491152537346,0.0023457187607359834
MUR100ITA,EURA14,2021-04-13 11:59:00,-0.00307,0.02245,0.00713,0.0024968165697720254,0.022221491152537347,0.004635718760735983
MUR100ITA,EURA14,2021-04-14 11:59:00,-0.00273,0.0229,0.005,0.0028368165697720254,0.022671491152537346,0.002505718760735984
MUR100ITA,EURA14,2021-04-15 11:59:00,-0.00258,0.0216,0.00701,0.0029868165697720253,0.021371491152537343,0.004515718760735983
MUR100ITA,EURA14,2021-04-16 11:59:00,-0.00295,0.02181,0.00783,0.0026168165697720257,0.021581491152537345,0.005335718760735984
MUR100ITA,EURA14,2021-04-17 11:59:00,-0.00314,0.02173,0.00781,0.0024268165697720256,0.02150149115253734,0.005315718760735983
MUR100ITA,EURA14,2021-04-18 11:59:00,-0.00337,0.0222,0.00657,0.0021968165697720254,0.021971491152537347,0.004075718760735984
MUR100ITA,EURA14,2021-04-19 11:59:00,-0.00282,0.02173,0.00362,0.0027468165697720256,0.02150149115253734,0.0011257187607359833
MUR100ITA,EURA14,2021-04-20 11:59:00,-0.0031,0.02118,0.00507,0.0024668165697720257,0.020951491152537347,0.0025757187607359836
MUR100ITA,EURA14,2021-04-21 11:59:00,-0.00219,0.02168,0.00514,0.003376816569772025,0.021451491152537347,0.0026457187607359833
MUR100ITA,EURA14,2021-04-22 11:59:00,-0.00223,0.02195,0.00371,0.003336816569772025,0.021721491152537346,0.0012157187607359835
MUR100ITA,EURA14,2021-04-23 11:59:00,-0.00359,0.02108,0.00073,0.0019768165697720257,0.020851491152537344,-0.0017642812392640167
MUR100ITA,EURA14,2021-04-24 11:59:00,-0.00251,0.02125,0.00708,0.003056816569772025,0.021021491152537347,0.004585718760735984
MUR100ITA,EURA14,2021-04-25 11:59:00,-0.0021,0.02141,0.01156,0.0034668165697720257,0.02118149115253734,0.009065718760735983
MUR100ITA,EURA14,2021-04-26 11:59:00,-0.00261,0.02176,0.01139,0.0029568165697720257,0.021531491152537344,0.008895718760735983
MUR100ITA,EURA14,2021-04-27 11:59:00,-0.00192,0.02085,0.00746,0.0036468165697720253,0.020621491152537343,0.004965718760735984
MUR100ITA,EURA14,2021-04-28 11:59:00,-0.00218,0.02067,0.00625,0.0033868165697720255,0.020441491152537343,0.003755718760735984
MUR100ITA,EURA14,2021-04-29 11:59:00,-0.00026,0.02143,0.00612,0.005306816569772025,0.021201491152537347,0.0036257187607359833
MUR100ITA,EURA14,2021-04-30 11:59:00,-0.00176,0.02073,0.00733,0.0038068165697720253,0.02050149115253734,0.004835718760735984
MUR100ITA,EURA14,2021-05-01 11:59:00,0.0004,0.02155,0.01578,0.005966816569772025,0.021321491152537342,0.013285718760735981
MUR100ITA,EURA14,2021-05-02 11:59:00,-0.00181,0.0226,0.0007,0.003756816569772025,0.022371491152537344,-0.0017942812392640166
MUR100ITA,EURA14,2021-05-03 11:59:00,-0.00178,0.02123,0.00855,0.0037868165697720257,0.02100149115253734,0.006055718760735983
MUR100ITA,EURA14,2021-05-04 11:59:00,-0.00091,0.02062,0.00448,0.004656816569772026,0.02039149115253734,0.0019857187607359834
MUR100ITA,EURA14,2021-05-05 11:59:00,-2e-05,0.02074,0.00227,0.005546816569772025,0.020511491152537344,-0.0002242812392640168
MUR100ITA,EURA14,2021-05-06 11:59:00,-0.00041,0.02085,0.0061,0.005156816569772025,0.020621491152537343,0.003605718760735984
MUR100ITA,EURA14,2021-05-07 11:59:00,-0.00056,0.01982,0.0117,0.0050068165697720254,0.019591491152537346,0.009205718760735983
MUR100ITA,EURA14,2021-05-08 11:59:00,-0.0007,0.02155,0.00733,0.004866816569772026,0.021321491152537342,0.004835718760735984
MUR100ITA,EURA14,2021-05-09 11:59:00,-0.00023,0.02106,0.00881,0.005336816569772026,0.020831491152537344,0.006315718760735983
MUR100ITA,EURA14,2021-05-10 11:59:00,-0.00168,0.02163,0.00892,0.003886816569772025,0.021401491152537346,0.006425718760735983
MUR100ITA,EURA14,2021-05-11 11:59:00,-0.00152,0.02189,0.00632,0.0040468165697720255,0.021661491152537342,0.003825718760735984
MUR100ITA,EURA14,2021-05-12 11:59:00,-0.00146,0.02018,0.00877,0.004106816569772026,0.019951491152537346,0.0062757187607359825
MUR100ITA,EURA14,2021-05-13 11:59:00,-0.00098,0.0216,0.00918,0.004586816569772025,0.021371491152537343,0.006685718760735983
MUR100ITA,EURA14,2021-05-14 11:59:00,-0.00205,0.02132,0.00758,0.0035168165697720254,0.02109149115253734,0.005085718760735984
MUR100ITA,EURA14,2021-05-15 11:59:00,-0.00293,0.01996,0.00757,0.0026368165697720257,0.01973149115253734,0.0050757187607359845
MUR100ITA,EURA14,2021-05-16 11:59:00,-0.00097,0.02137,0.0043,0.004596816569772025,0.021141491152537342,0.0018057187607359837
MUR100ITA,EURA14,2021-05-17 11:59:00,-0.00149,0.02021,0.01069,0.004076816569772025,0.01998149115253734,0.008195718760735982
MUR100ITA,EURA14,2021-05-18 11:59:00,-0.00046,0.02203,0.00859,0.005106816569772025,0.021801491152537343,0.006095718760735983
MUR100ITA,EURA14,2021-05-19 11:59:00,-0.00188,0.02058,0.00338,0.0036868165697720254,0.020351491152537343,0.0008857187607359835
MUR100ITA,EURA14,2021-05-20 11:59:00,-0.00365,0.02222,0.00794,0.0019168165697720254,0.021991491152537346,0.005445718760735983
MUR100ITA,EURA14,2021-05-21 11:59:00,-0.00185,0.02106,0.00579,0.003716816569772025,0.020831491152537344,0.0032957187607359838
MUR100ITA,EURA14,2021-05-22 11:59:00,-0.00301,0.02053,0.00988,0.0025568165697720255,0.020301491152537342,0.007385718760735982
MUR100ITA,EURA14,2021-05-23 11:59:00,-0.00211,0.02217,0.01482,0.0034568165697720253,0.021941491152537344,0.012325718760735982
MUR100ITA,EURA14,2021-05-24 11:59:00,-0.00197,0.0212,0.00659,0.0035968165697720256,0.020971491152537346,0.0040957187607359846
MUR100ITA,EURA14,2021-05-25 11:59:00,-0.00422,0.02068,0.01056,0.0013468165697720258,0.020451491152537346,0.008065718760735982
MUR100ITA,EURA14,2021-05-26 11:59:00,-0.00195,0.02228,0.00981,0.0036168165697720257,0.022051491152537343,0.007315718760735982
MUR100ITA,EURA14,2021-05-27 11:59:00,-0.0027,0.02206,0.00859,0.002866816569772025,0.021831491152537345,0.006095718760735983
MUR100ITA,EURA14,2021-05-28 11:59:00,-0.00276,0.02279,0.00862,0.0028068165697720257,0.022561491152537347,0.006125718760735982
MUR100ITA,EURA14,2021-05-29 11:59:00,-0.00282,0.02212,0.00781,0.0027468165697720256,0.021891491152537343,0.005315718760735983
MUR100ITA,EURA14,2021-05-30 11:59:00,-0.00285,0.0211,0.00634,0.002716816569772025,0.020871491152537343,0.003845718760735984
MUR100ITA,EURA14,2021-05-31 11:59:00,-0.00341,0.02318,0.00948,0.0021568165697720253,0.02295149115253734,0.006985718760735983
MUR100ITA,EURA14,2021-06-01 11:59:00,-0.00348,0.02185,0.0113,0.0020868165697720256,0.021621491152537343,0.008805718760735982
MUR100ITA,EURA14,2021-06-02 11:59:00,-0.00257,0.02135,0.00938,0.002996816569772026,0.021121491152537343,0.006885718760735982
MUR100ITA,EURA14,2021-06-03 11:59:00,-0.00259,0.02038,0.00892,0.0029768165697720258,0.020151491152537344,0.006425718760735983
MUR100ITA,EURA14,2021-06-04 11:59:00,-0.00197,0.02206,0.00576,0.0035968165697720256,0.021831491152537345,0.003265718760735984
MUR100ITA,EURA14,2021-06-05 11:59:00,-0.00205,0.02236,0.00662,0.0035168165697720254,0.022131491152537347,0.004125718760735983
MUR100ITA,EURA14,2021-06-06 11:59:00,-0.00154,0.02259,0.01376,0.0040268165697720255,0.02236149115253734,0.011265718760735982
MUR100ITA,EURA14,2021-06-07 11:59:00,-0.00094,0.02158,0.00799,0.004626816569772025,0.021351491152537344,0.005495718760735985
MUR100ITA,EURA14,2021-06-08 11:59:00,-0.00075,0.02265,0.00584,0.004816816569772025,0.022421491152537346,0.0033457187607359835
MUR100ITA,EURA14,2021-06-09 11:59:00,-0.0009,0.023,0.00474,0.004666816569772025,0.022771491152537342,0.002245718760735984
MUR100ITA,EURA14,2021-06-10 11:59:00,-0.00244,0.02196,0.00626,0.0031268165697720257,0.021731491152537342,0.0037657187607359837
MUR100ITA,EURA14,2021-06-11 11:59:00,-0.00147,0.02261,0.00524,0.004096816569772025,0.022381491152537347,0.0027457187607359836
MUR100ITA,EURA14,2021-06-12 11:59:00,-0.00171,0.0231,0.00205,0.0038568165697720255,0.022871491152537345,-0.0004442812392640165
MUR100ITA,EURA14,2021-06-13 11:59:00,-0.00104,0.02243,0.00897,0.004526816569772026,0.02220149115253734,0.006475718760735983
MUR100ITA,EURA14,2021-06-14 11:59:00,-8e-05,0.02283,0.00561,0.005486816569772025,0.022601491152537345,0.003115718760735984
MUR100ITA,EURA14,2021-06-15 11:59:00,-0.00144,0.02284,0.00371,0.004126816569772025,0.02261149115253734,0.0012157187607359835
MUR100ITA,EURA14,2021-06-16 11:59:00,-0.00149,0.02201,0.01147,0.004076816569772025,0.021781491152537344,0.008975718760735982
MUR100ITA,EURA14,2021-06-17 11:59:00,-0.00504,0.02303,0.00961,0.0005268165697720254,0.022801491152537344,0.007115718760735983
MUR100ITA,EURA14,2021-06-18 11:59:00,0.0003,0.02414,0.00542,0.005866816569772025,0.023911491152537344,0.002925718760735984
MUR100ITA,EURA14,2021-06-19 11:59:00,-0.0018,0.0229,0.0076,0.0037668165697720257,0.022671491152537346,0.005105718760735983
MUR100ITA,EURA14,2021-06-20 11:59:00,-0.00203,0.0217,0.00728,0.0035368165697720255,0.021471491152537346,0.004785718760735984
MUR100ITA,EURA14,2021-06-21 11:59:00,-0.00184,0.02115,0.01224,0.0037268165697720256,0.020921491152537344,0.009745718760735982
MUR100ITA,EURA14,2021-06-22 11:59:00,0.00024,0.02258,0.00875,0.005806816569772026,0.022351491152537345,0.006255718760735983
MUR100ITA,EURA14,2021-06-23 11:59:00,-0.00136,0.02161,0.01017,0.004206816569772025,0.021381491152537346,0.007675718760735983
MUR100ITA,EURA14,2021-06-24 11:59:00,0.00074,0.02415,0.00927,0.006306816569772025,0.023921491152537347,0.006775718760735983
MUR100ITA,EURA14,2021-06-25 11:59:00,-0.00219,0.02324,0.01253,0.003376816569772025,0.023011491152537346,0.010035718760735982
MUR100ITA,EURA14,2021-06-26 11:59:00,-0.0041,0.02237,0.00745,0.0014668165697720253,0.022141491152537343,0.004955718760735984
MUR100ITA,EURA14,2021-06-27 11:59:00,-0.00465,0.02322,0.01038,0.000916816569772026,0.022991491152537347,0.007885718760735983
MUR100ITA,EURA14,2021-06-28 11:59:00,-0.00311,0.02076,0.00462,0.0024568165697720253,0.020531491152537343,0.0021257187607359837
MUR100ITA,EURA14,2021-06-29 11:59:00,-0.00282,0.0221,0.01023,0.0027468165697720256,0.021871491152537344,0.007735718760735982
MUR100ITA,EURA14,2021-06-30 11:59:00,-0.00224,0.02241,0.00907,0.0033268165697720254,0.02218149115253734,0.006575718760735982
MUR100ITA,EURA14,2021-07-01 11:59:00,-0.00239,0.02036,0.00697,0.0031768165697720254,0.020131491152537345,0.004475718760735983
MUR100ITA,EURA14,2021-07-02 11:59:00,-0.00498,0.02211,0.00549,0.0005868165697720256,0.021881491152537347,0.002995718760735984
MUR100ITA,EURA14,2021-07-03 11:59:00,-0.00539,0.02172,0.00735,0.00017681656977202578,0.021491491152537345,0.004855718760735983
MUR100ITA,EURA14,2021-07-04 11:59:00,-0.00488,0.02229,0.0053,0.0006868165697720258,0.022061491152537346,0.0028057187607359838
MUR100ITA,EURA14,2021-07-05 11:59:00,-0.00487,0.02069,0.01362,0.0006968165697720254,0.020461491152537342,0.011125718760735983
MUR100ITA,EURA14,2021-07-06 11:59:00,-0.0054,0.02144,0.00882,0.00016681656977202532,0.021211491152537343,0.006325718760735982
MUR100ITA,EURA14,2021-07-07 11:59:00,-0.00454,0.02145,0.00998,0.0010268165697720258,0.021221491152537346,0.007485718760735982
MUR100ITA,EURA14,2021-07-08 11:59:00,0.00012,0.02277,0.01692,0.0056868165697720255,0.02254149115253734,0.014425718760735983
MUR100ITA,EURA14,2021-07-09 11:59:00,-0.0038,0.01995,0.00566,0.0017668165697720254,0.019721491152537345,0.003165718760735984
MUR100ITA,EURA14,2021-07-10 11:59:00,-0.00467,0.02198,0.00848,0.0008968165697720259,0.02175149115253734,0.005985718760735982
MUR100ITA,EURA14,2021-07-11 11:59:00,-0.0045,0.01928,0.0078,0.001066816569772026,0.01905149115253734,0.005305718760735984
MUR100ITA,EURA14,2021-07-12 11:59:00,-0.00703,0.01892,0.01215,-0.0014631834302279742,0.01869149115253734,0.009655718760735982
MUR100ITA,EURA14,2021-07-13 11:59:00,-0.00407,0.02398,0.00174,0.0014968165697720258,0.023751491152537343,-0.0007542812392640167
MUR100ITA,EURA14,2021-07-14 11:59:00,-0.00744,0.01846,0.00967,-0.0018731834302279748,0.018231491152537346,0.007175718760735982
MUR100ITA,EURA14,2021-07-15 11:59:00,-0.00769,0.02058,0.00586,-0.002123183430227974,0.020351491152537343,0.0033657187607359835
MUR100ITA,EURA14,2021-07-16 11:59:00,-0.00643,0.01894,0.00338,-0.0008631834302279743,0.01871149115253734,0.0008857187607359835
MUR100ITA,EURA14,2021-07-17 11:59:00,-0.00951,0.02035,0.01181,-0.003943183430227974,0.020121491152537342,0.009315718760735982
MUR100ITA,EURA14,2021-07-18 11:59:00,-0.00935,0.01608,0.01907,-0.003783183430227975,0.015851491152537346,0.016575718760735984
MUR100ITA,EURA14,2021-07-19 11:59:00,-0.0075,0.0197,-0.00272,-0.0019331834302279741,0.019471491152537344,-0.005214281239264017
MUR100ITA,EURA14,2021-07-20 11:59:00,-0.00795,0.01943,0.00874,-0.002383183430227975,0.019201491152537345,0.006245718760735982
MUR100ITA,EURA14,2021-07-21 11:59:00,-0.00699,0.01714,0.00822,-0.001423183430227974,0.016911491152537345,0.005725718760735982
MUR100ITA,EURA14,2021-07-22 11:59:00,-0.00647,0.01795,0.00935,-0.0009031834302279745,0.017721491152537343,0.006855718760735983
MUR100ITA,EURA14,2021-07-23 11:59:00,-0.00848,0.01936,0.00789,-0.002913183430227974,0.019131491152537344,0.005395718760735984
MUR100ITA,EURA14,2021-07-24 11:59:00,-0.00816,0.01763,0.01281,-0.002593183430227975,0.017401491152537342,0.010315718760735983
MUR100ITA,EURA14,2021-07-25 11:59:00,-0.00481,0.02007,0.00944,0.0007568165697720256,0.019841491152537347,0.006945718760735983
MUR100ITA,EURA14,2021-07-26 11:59:00,-0.00657,0.01843,0.01528,-0.0010031834302279747,0.018201491152537344,0.012785718760735983
MUR100ITA,EURA14,2021-07-27 11:59:00,-0.00734,0.01742,0.00691,-0.0017731834302279746,0.017191491152537347,0.004415718760735984
MUR100ITA,EURA14,2021-07-28 11:59:00,-0.00693,0.01727,0.01566,-0.0013631834302279748,0.017041491152537343,0.013165718760735983
MUR100ITA,EURA14,2021-07-29 11:59:00,-0.00831,0.01739,0.01013,-0.002743183430227974,0.017161491152537345,0.0076357187607359826
MUR100ITA,EURA14,2021-07-30 11:59:00,-0.00912,0.0174,0.01002,-0.003553183430227974,0.01717149115253734,0.007525718760735982
MUR100ITA,EURA14,2021-07-31 11:59:00,-0.00777,0.0177,0.01172,-0.0022031834302279744,0.017471491152537343,0.009225718760735982
MUR100ITA,EURA14,2021-08-01 11:59:00,-0.007685,0.017480000000000002,0.008879999999999999,-0.0021181834302279744,0.017251491152537345,0.0063857187607359815
MUR100ITA,EURA14,2021-08-02 11:59:00,-0.0076,0.01726,0.00604,-0.0020331834302279744,0.017031491152537347,0.003545718760735984
MUR100ITA,EURA14,2021-08-03 11:59:00,-0.00844,0.01836,0.01554,-0.002873183430227974,0.018131491152537343,0.013045718760735982
MUR100ITA,EURA14,2021-08-04 11:59:00,-0.00862,0.01798,0.01472,-0.0030531834302279736,0.017751491152537345,0.012225718760735983
MUR100ITA,EURA14,2021-08-05 11:59:00,-0.01053,0.01826,0.00522,-0.004963183430227974,0.01803149115253734,0.0027257187607359836
MUR100ITA,EURA14,2021-08-06 11:59:00,-0.00805,0.01647,0.01125,-0.0024831834302279743,0.01624149115253734,0.008755718760735982
MUR100ITA,EURA14,2021-08-07 11:59:00,-0.01078,0.01698,0.01147,-0.0052131834302279745,0.016751491152537344,0.008975718760735982
MUR100ITA,EURA14,2021-08-08 11:59:00,-0.00879,0.01783,0.01112,-0.0032231834302279736,0.01760149115253734,0.008625718760735982
MUR100ITA,EURA14,2021-08-09 11:59:00,-0.00867,0.01778,0.01296,-0.003103183430227975,0.017551491152537346,0.010465718760735982
MUR100ITA,EURA14,2021-08-10 11:59:00,-0.00975,0.01692,0.00784,-0.004183183430227975,0.016691491152537347,0.005345718760735984
MUR100ITA,EURA14,2021-08-11 11:59:00,-0.00824,0.01794,0.01386,-0.002673183430227975,0.017711491152537347,0.011365718760735983
MUR100ITA,EURA14,2021-08-12 11:59:00,-0.00969,0.01772,0.00494,-0.0041231834302279755,0.017491491152537342,0.0024457187607359837
MUR100ITA,EURA14,2021-08-13 11:59:00,-0.01035,0.01431,0.0142,-0.004783183430227975,0.014081491152537344,0.011705718760735983
MUR100ITA,EURA14,2021-08-14 11:59:00,-0.00751,0.01718,0.00891,-0.0019431834302279746,0.016951491152537343,0.006415718760735982
MUR100ITA,EURA14,2021-08-15 11:59:00,-0.00961,0.01798,0.00481,-0.004043183430227975,0.017751491152537345,0.002315718760735984
MUR100ITA,EURA14,2021-08-16 11:59:00,-0.00756,0.01925,0.00323,-0.0019931834302279743,0.019021491152537345,0.0007357187607359831
MUR100ITA,EURA14,2021-08-17 11:59:00,-0.01023,0.01582,0.01704,-0.004663183430227974,0.015591491152537345,0.014545718760735982
MUR100ITA,EURA14,2021-08-18 11:59:00,-0.01024,0.01769,0.01045,-0.004673183430227976,0.017461491152537346,0.007955718760735982
MUR100ITA,EURA14,2021-08-19 11:59:00,-0.01045,0.01733,0.00911,-0.004883183430227974,0.017101491152537347,0.0066157187607359825
MUR100ITA,EURA14,2021-08-20 11:59:00,-0.01169,0.0174,0.01222,-0.0061231834302279756,0.01717149115253734,0.009725718760735982
MUR100ITA,EURA14,2021-08-21 11:59:00,-0.00965,0.01811,0.00779,-0.004083183430227975,0.017881491152537343,0.005295718760735984
MUR100ITA,EURA14,2021-08-22 11:59:00,-0.00987,0.01791,0.00664,-0.004303183430227975,0.017681491152537344,0.004145718760735984
MUR100ITA,EURA14,2021-08-23 11:59:00,-0.0116,0.02057,0.01854,-0.006033183430227974,0.020341491152537347,0.016045718760735985
MUR100ITA,EURA14,2021-08-24 11:59:00,-0.00986,0.01745,0.01092,-0.0042931834302279755,0.017221491152537342,0.008425718760735982
MUR100ITA,EURA14,2021-08-25 11:59:00,-0.01072,0.01523,0.01077,-0.005153183430227975,0.015001491152537344,0.008275718760735983
MUR100ITA,EURA14,2021-08-26 11:59:00,-0.01076,0.01623,0.00909,-0.005193183430227975,0.016001491152537343,0.006595718760735983
MUR100ITA,EURA14,2021-08-27 11:59:00,-0.01034,0.01715,0.01149,-0.004773183430227975,0.01692149115253734,0.008995718760735983
MUR100ITA,EURA14,2021-08-28 11:59:00,-0.00894,0.01565,0.01064,-0.0033731834302279744,0.015421491152537345,0.008145718760735983
MUR100ITA,EURA14,2021-08-29 11:59:00,-0.00803,0.01468,0.01107,-0.002463183430227975,0.014451491152537344,0.008575718760735982
MUR100ITA,EURA14,2021-08-30 11:59:00,-0.00921,0.01602,0.00982,-0.003643183430227974,0.01579149115253734,0.007325718760735983
MUR100ITA,EURA14,2021-08-31 11:59:00,-0.01152,0.01439,0.00859,-0.0059531834302279756,0.014161491152537344,0.006095718760735983
MUR100ITA,EURA14,2021-09-01 11:59:00,-0.01062,0.01732,0.0043,-0.005053183430227974,0.017091491152537344,0.0018057187607359837
MUR100ITA,EURA14,2021-09-02 11:59:00,-0.01024,0.01684,0.00441,-0.004673183430227976,0.016611491152537343,0.0019157187607359836
MUR100ITA,EURA14,2021-09-03 11:59:00,-0.01182,0.0157,0.02014,-0.0062531834302279755,0.015471491152537343,0.017645718760735986
MUR100ITA,EURA14,2021-09-04 11:59:00,-0.00999,0.01623,0.00818,-0.0044231834302279754,0.016001491152537343,0.005685718760735984
MUR100ITA,EURA14,2021-09-05 11:59:00,-0.01105,0.01675,0.00857,-0.005483183430227976,0.016521491152537343,0.006075718760735982
MUR100ITA,EURA14,2021-09-06 11:59:00,-0.0115,0.01673,0.00833,-0.005933183430227975,0.016501491152537344,0.005835718760735983
MUR100ITA,EURA14,2021-09-07 11:59:00,-0.00939,0.01739,0.00017,-0.003823183430227975,0.017161491152537345,-0.0023242812392640167
MUR100ITA,EURA14,2021-09-08 11:59:00,-0.01063,0.01732,0.01002,-0.005063183430227975,0.017091491152537344,0.007525718760735982
MUR100ITA,EURA14,2021-09-09 11:59:00,-0.01002,0.01691,0.00552,-0.004453183430227974,0.016681491152537344,0.0030257187607359835
MUR100ITA,EURA14,2021-09-10 11:59:00,-0.01141,0.01469,0.00503,-0.005843183430227975,0.014461491152537344,0.0025357187607359835
MUR100ITA,EURA14,2021-09-11 11:59:00,-0.00998,0.01626,0.00928,-0.004413183430227974,0.016031491152537346,0.0067857187607359825
MUR100ITA,EURA14,2021-09-12 11:59:00,-0.01031,0.01704,0.00925,-0.0047431834302279745,0.01681149115253734,0.006755718760735982
MUR100ITA,EURA14,2021-09-13 11:59:00,-0.01049,0.0167,0.00839,-0.004923183430227974,0.01647149115253734,0.005895718760735982
MUR100ITA,EURA14,2021-09-14 11:59:00,-0.01032,0.01751,0.00757,-0.004753183430227974,0.017281491152537347,0.0050757187607359845
MUR100ITA,EURA14,2021-09-15 11:59:00,-0.01033,0.01596,0.00523,-0.0047631834302279755,0.015731491152537344,0.002735718760735984
MUR100ITA,EURA14,2021-09-16 11:59:00,-0.00998,0.01646,0.01355,-0.004413183430227974,0.016231491152537345,0.011055718760735982
MUR100ITA,EURA14,2021-09-17 11:59:00,-0.01029,0.01632,0.01534,-0.004723183430227975,0.016091491152537343,0.012845718760735982
MUR100ITA,EURA14,2021-09-18 11:59:00,-0.01045,0.01615,0.00944,-0.004883183430227974,0.015921491152537347,0.006945718760735983
MUR100ITA,EURA14,2021-09-19 11:59:00,-0.00963,0.01621,0.00386,-0.0040631834302279745,0.015981491152537344,0.0013657187607359835
MUR100ITA,EURA14,2021-09-20 11:59:00,-0.01028,0.01585,0.00967,-0.004713183430227974,0.015621491152537343,0.007175718760735982
MUR100ITA,EURA14,2021-09-21 11:59:00,-0.00978,0.01659,0.00757,-0.004213183430227975,0.016361491152537343,0.0050757187607359845
MUR100ITA,EURA14,2021-09-22 11:59:00,-0.00979,0.01592,0.00942,-0.004223183430227975,0.015691491152537346,0.006925718760735982
MUR100ITA,EURA14,2021-09-23 11:59:00,-0.01034,0.01601,0.00509,-0.004773183430227975,0.015781491152537346,0.0025957187607359837
MUR100ITA,EURA14,2021-09-24 11:59:00,-0.00983,0.0165,0.00583,-0.004263183430227975,0.016271491152537343,0.003335718760735984
MUR100ITA,EURA14,2021-09-25 11:59:00,-0.00915,0.01498,0.00351,-0.0035831834302279745,0.014751491152537344,0.0010157187607359834
MUR100ITA,EURA14,2021-09-26 11:59:00,-0.00864,0.01672,0.00723,-0.0030731834302279745,0.01649149115253734,0.0047357187607359845
MUR100ITA,EURA14,2021-09-27 11:59:00,-0.01007,0.01387,0.01021,-0.004503183430227976,0.013641491152537344,0.007715718760735983
MUR100ITA,EURA14,2021-09-28 11:59:00,-0.00929,0.01577,0.00594,-0.003723183430227974,0.015541491152537343,0.0034457187607359837
MUR100ITA,EURA14,2021-09-29 11:59:00,-0.00788,0.01649,0.00925,-0.0023131834302279742,0.016261491152537347,0.006755718760735982
MUR100ITA,EURA14,2021-09-30 11:59:00,-0.00842,0.01577,0.00426,-0.002853183430227975,0.015541491152537343,0.0017657187607359832
MUR100ITA,EURA14,2021-10-01 11:59:00,-0.00932,0.01686,0.00644,-0.0037531834302279746,0.016631491152537342,0.003945718760735984
MUR100ITA,EURA14,2021-10-02 11:59:00,-0.00885,0.01692,0.00702,-0.0032831834302279746,0.016691491152537347,0.004525718760735984
MUR100ITA,EURA14,2021-10-03 11:59:00,-0.00855,0.01609,0.00803,-0.0029831834302279747,0.015861491152537342,0.005535718760735985
MUR100ITA,EURA14,2021-10-04 11:59:00,-0.00903,0.01608,0.00558,-0.0034631834302279742,0.015851491152537346,0.0030857187607359836
MUR100ITA,EURA14,2021-10-05 11:59:00,-0.00728,0.01686,0.00543,-0.0017131834302279744,0.016631491152537342,0.0029357187607359837
MUR100ITA,EURA14,2021-10-06 11:59:00,-0.00847,0.01569,0.006,-0.0029031834302279745,0.015461491152537343,0.003505718760735984
MUR100ITA,EURA14,2021-10-07 11:59:00,-0.00597,0.01491,0.01106,-0.000403183430227974,0.014681491152537344,0.008565718760735983
MUR100ITA,EURA14,2021-10-08 11:59:00,-0.00724,0.01746,0.01517,-0.0016731834302279743,0.017231491152537345,0.012675718760735982
MUR100ITA,EURA14,2021-10-09 11:59:00,-0.00561,0.01819,0.0106,-4.31834302279748e-05,0.017961491152537347,0.008105718760735982
MUR100ITA,EURA14,2021-10-10 11:59:00,-0.00453,0.01809,0.00535,0.0010368165697720254,0.017861491152537344,0.0028557187607359835
MUR100ITA,EURA14,2021-10-11 11:59:00,-0.00333,0.01816,0.00618,0.0022368165697720255,0.017931491152537345,0.0036857187607359835
MUR100ITA,EURA14,2021-10-12 11:59:00,-0.00439,0.0174,0.00777,0.0011768165697720258,0.01717149115253734,0.005275718760735983
MUR100ITA,EURA14,2021-10-13 11:59:00,-0.00493,0.01796,0.00982,0.0006368165697720253,0.017731491152537346,0.007325718760735983
MUR100ITA,EURA14,2021-10-14 11:59:00,-0.00459,0.01577,0.00976,0.0009768165697720253,0.015541491152537343,0.007265718760735982
MUR100ITA,EURA14,2021-10-15 11:59:00,-0.00469,0.01827,-0.00185,0.0008768165697720259,0.018041491152537344,-0.004344281239264017
MUR100ITA,EURA14,2021-10-16 11:59:00,-0.00414,0.0191,0.00331,0.001426816569772026,0.01887149115253734,0.0008157187607359833
MUR100ITA,EURA14,2021-10-17 11:59:00,-0.00421,0.01834,0.0073,0.0013568165697720254,0.018111491152537344,0.004805718760735983
MUR100ITA,EURA14,2021-10-18 11:59:00,-0.00463,0.01964,0.00163,0.000936816569772026,0.019411491152537347,-0.0008642812392640167
MUR100ITA,EURA14,2021-10-19 11:59:00,-0.00408,0.01895,0.007,0.0014868165697720253,0.018721491152537344,0.0045057187607359835
MUR100ITA,EURA14,2021-10-20 11:59:00,-0.00348,0.01923,0.00351,0.0020868165697720256,0.019001491152537346,0.0010157187607359834
MUR100ITA,EURA14,2021-10-21 11:59:00,-0.00549,0.01816,0.01169,7.681656977202552e-05,0.017931491152537345,0.009195718760735983
MUR100ITA,EURA14,2021-10-22 11:59:00,-0.00528,0.01885,0.00761,0.00028681656977202563,0.01862149115253734,0.005115718760735983
MUR100ITA,EURA14,2021-10-23 11:59:00,-0.00448,0.01881,0.00233,0.001086816569772026,0.018581491152537342,-0.00016428123926401665
MUR100ITA,EURA14,2021-10-24 11:59:00,-0.00497,0.01813,0.00666,0.000596816569772026,0.017901491152537342,0.004165718760735983
MUR100ITA,EURA14,2021-10-25 11:59:00,-0.00389,0.01967,0.00853,0.0016768165697720256,0.019441491152537342,0.006035718760735982
MUR100ITA,EURA14,2021-10-26 11:59:00,-0.00427,0.01841,0.00764,0.0012968165697720252,0.018181491152537345,0.005145718760735983
MUR100ITA,EURA14,2021-10-27 11:59:00,-0.00477,0.01832,0.00374,0.0007968165697720257,0.018091491152537345,0.0012457187607359831
MUR100ITA,EURA14,2021-10-28 11:59:00,-0.00426,0.01849,0.00774,0.0013068165697720257,0.01826149115253734,0.0052457187607359845
MUR100ITA,EURA14,2021-10-29 11:59:00,-0.00348,0.01839,0.00509,0.0020868165697720256,0.018161491152537346,0.0025957187607359837
MUR100ITA,EURA14,2021-10-30 11:59:00,-0.00427,0.01794,0.0125,0.0012968165697720252,0.017711491152537347,0.010005718760735983
MUR100ITA,EURA14,2021-10-31 11:59:00,-0.00261,0.01829,0.0106,0.0029568165697720257,0.018061491152537343,0.008105718760735982
MUR100ITA,EURA14,2021-11-01 11:59:00,-0.00227,0.01812,0.0188,0.0032968165697720257,0.017891491152537346,0.016305718760735985
MUR100ITA,EURA14,2021-11-02 11:59:00,-0.00297,0.01863,0.00382,0.0025968165697720256,0.018401491152537343,0.0013257187607359834
MUR100ITA,EURA14,2021-11-03 11:59:00,-0.00152,0.01914,0.01402,0.0040468165697720255,0.018911491152537346,0.011525718760735982
MUR100ITA,EURA14,2021-11-04 11:59:00,-0.00024,0.01895,0.00665,0.005326816569772025,0.018721491152537344,0.004155718760735984
MUR100ITA,EURA14,2021-11-05 11:59:00,-0.00361,0.01925,0.00843,0.0019568165697720257,0.019021491152537345,0.0059357187607359824
MUR100ITA,EURA14,2021-11-06 11:59:00,-0.00417,0.01882,0.00589,0.0013968165697720255,0.018591491152537346,0.003395718760735984
MUR100ITA,EURA14,2021-11-07 11:59:00,-0.0042,0.01856,0.00781,0.0013668165697720259,0.018331491152537342,0.005315718760735983
MUR100ITA,EURA14,2021-11-08 11:59:00,-0.00271,0.01946,0.00995,0.0028568165697720254,0.019231491152537347,0.007455718760735983
MUR100ITA,EURA14,2021-11-09 11:59:00,-0.00433,0.02034,0.00306,0.001236816569772026,0.020111491152537346,0.0005657187607359831
MUR100ITA,EURA14,2021-11-10 11:59:00,-0.00309,0.01884,0.00644,0.0024768165697720253,0.018611491152537345,0.003945718760735984
MUR100ITA,EURA14,2021-11-11 11:59:00,-0.00384,0.01879,0.00879,0.0017268165697720253,0.018561491152537343,0.006295718760735982
MUR100ITA,EURA14,2021-11-12 11:59:00,-0.00281,0.01926,0.00695,0.002756816569772025,0.01903149115253734,0.004455718760735984
MUR100ITA,EURA14,2021-11-13 11:59:00,-0.00276,0.02003,0.00967,0.0028068165697720257,0.01980149115253734,0.007175718760735982
MUR100ITA,EURA14,2021-11-14 11:59:00,-0.00391,0.01978,0.01067,0.0016568165697720253,0.01955149115253734,0.008175718760735983
MUR100ITA,EURA14,2021-11-15 11:59:00,-0.00389,0.01946,0.00815,0.0016768165697720256,0.019231491152537347,0.0056557187607359834
MUR100ITA,EURA14,2021-11-16 11:59:00,-0.00289,0.0194,0.00395,0.002676816569772025,0.019171491152537343,0.0014557187607359837
MUR100ITA,EURA14,2021-11-17 11:59:00,-0.00336,0.01942,0.00674,0.002206816569772025,0.019191491152537342,0.004245718760735984
MUR100ITA,EURA14,2021-11-18 11:59:00,-0.00354,0.01929,0.00434,0.0020268165697720254,0.019061491152537344,0.0018457187607359839
MUR100ITA,EURA14,2021-11-19 11:59:00,-0.00301,0.01953,0.00824,0.0025568165697720255,0.01930149115253734,0.005745718760735983
MUR100ITA,EURA14,2021-11-20 11:59:00,-0.00341,0.01909,0.01033,0.0021568165697720253,0.018861491152537345,0.007835718760735983
MUR100ITA,EURA14,2021-11-21 11:59:00,-0.00286,0.01934,0.00836,0.0027068165697720255,0.019111491152537345,0.005865718760735982
MUR100ITA,EURA14,2021-11-22 11:59:00,-0.00296,0.01914,0.01022,0.002606816569772025,0.018911491152537346,0.007725718760735982
MUR100ITA,EURA14,2021-11-23 11:59:00,-0.0036,0.02006,0.00876,0.0019668165697720253,0.019831491152537344,0.006265718760735983
MUR100ITA,EURA14,2021-11-24 11:59:00,-0.00308,0.01898,0.00954,0.0024868165697720258,0.018751491152537346,0.007045718760735982
MUR100ITA,EURA14,2021-11-25 11:59:00,-0.00345,0.01855,0.01347,0.0021168165697720252,0.018321491152537346,0.010975718760735982
MUR100ITA,EURA14,2021-11-26 11:59:00,-0.00284,0.01843,0.01559,0.0027268165697720255,0.018201491152537344,0.013095718760735982
MUR100ITA,EURA14,2021-11-27 11:59:00,-0.00174,0.01938,0.02133,0.0038268165697720254,0.019151491152537344,0.018835718760735982
MUR100ITA,EURA14,2021-11-28 11:59:00,-0.00091,0.01876,0.01571,0.004656816569772026,0.01853149115253734,0.01321571876073598
MUR100ITA,EURA14,2021-11-29 11:59:00,-0.00091,0.01648,0.0168,0.004656816569772026,0.016251491152537344,0.014305718760735981
MUR100ITA,EURA14,2021-11-30 11:59:00,-0.00187,0.01877,0.00525,0.0036968165697720255,0.018541491152537344,0.002755718760735984
MUR100ITA,EURA14,2021-12-01 11:59:00,-0.0029,0.01806,0.00449,0.0026668165697720254,0.017831491152537342,0.001995718760735984
MUR100ITA,EURA14,2021-12-02 11:59:00,-0.00022,0.01959,0.01083,0.0053468165697720255,0.019361491152537345,0.008335718760735982
MUR100ITA,EURA14,2021-12-03 11:59:00,-0.0018,0.01814,0.00348,0.0037668165697720257,0.017911491152537345,0.0009857187607359833
MUR100ITA,EURA14,2021-12-04 11:59:00,0.00042,0.01904,0.01219,0.005986816569772025,0.018811491152537343,0.009695718760735982
MUR100ITA,EURA14,2021-12-05 11:59:00,-0.00111,0.01821,0.01694,0.004456816569772025,0.017981491152537346,0.014445718760735983
MUR100ITA,EURA14,2021-12-06 11:59:00,-0.00223,0.01782,0.00777,0.003336816569772025,0.017591491152537345,0.005275718760735983
MUR100ITA,EURA14,2021-12-07 11:59:00,-0.00172,0.01827,0.00993,0.0038468165697720254,0.018041491152537344,0.007435718760735982
MUR100ITA,EURA14,2021-12-08 11:59:00,-0.00058,0.01793,0.00602,0.004986816569772025,0.017701491152537344,0.003525718760735984
MUR100ITA,EURA14,2021-12-09 11:59:00,-0.00123,0.01773,0.00913,0.004336816569772025,0.017501491152537345,0.006635718760735982
MUR100ITA,EURA14,2021-12-10 11:59:00,-0.0021,0.01973,0.00591,0.0034668165697720257,0.019501491152537347,0.003415718760735984
MUR100ITA,EURA14,2021-12-11 11:59:00,-0.00722,0.01367,0.00175,-0.0016531834302279742,0.013441491152537344,-0.0007442812392640167
MUR100ITA,EURA14,2021-12-12 11:59:00,-0.00295,0.01659,0.00752,0.0026168165697720257,0.016361491152537343,0.005025718760735983
MUR100ITA,EURA14,2021-12-13 11:59:00,-0.00165,0.01911,0.00259,0.003916816569772026,0.018881491152537344,9.571876073598317e-05
MUR100ITA,EURA14,2021-12-14 11:59:00,-0.00154,0.01917,0.00412,0.0040268165697720255,0.01894149115253734,0.0016257187607359837
MUR100ITA,EURA14,2021-12-15 11:59:00,-0.00216,0.01793,-0.00224,0.0034068165697720256,0.017701491152537344,-0.0047342812392640165
MUR100ITA,EURA14,2021-12-16 11:59:00,-0.0022,0.02024,0.00747,0.0033668165697720255,0.020011491152537343,0.004975718760735983
MUR100ITA,EURA14,2021-12-17 11:59:00,-0.00146,0.01993,0.0015,0.004106816569772026,0.019701491152537345,-0.0009942812392640167
MUR100ITA,EURA14,2021-12-18 11:59:00,-0.00194,0.01763,0.00346,0.0036268165697720253,0.017401491152537342,0.0009657187607359833
MUR100ITA,EURA14,2021-12-19 11:59:00,-0.00278,0.01904,0.00757,0.0027868165697720257,0.018811491152537343,0.0050757187607359845
MUR100ITA,EURA14,2021-12-20 11:59:00,-0.00234,0.0186,0.00892,0.003226816569772025,0.01837149115253734,0.006425718760735983
MUR100ITA,EURA14,2021-12-21 11:59:00,-0.00182,0.01872,0.00582,0.0037468165697720256,0.018491491152537343,0.0033257187607359834
MUR100ITA,EURA14,2021-12-22 11:59:00,-0.00179,0.01854,0.00804,0.0037768165697720252,0.018311491152537343,0.0055457187607359845
MUR100ITA,EURA14,2021-12-23 11:59:00,-0.00242,0.01833,0.00459,0.0031468165697720258,0.01810149115253734,0.002095718760735984
MUR100ITA,EURA14,2021-12-24 11:59:00,-0.0022,0.01704,0.00991,0.0033668165697720255,0.01681149115253734,0.007415718760735983
MUR100ITA,EURA14,2021-12-25 11:59:00,0.00305,0.01804,0.00957,0.008616816569772026,0.017811491152537343,0.007075718760735983
MUR100ITA,EURA14,2021-12-26 11:59:00,-0.00293,0.01751,0.01407,0.0026368165697720257,0.017281491152537347,0.011575718760735982
MUR100ITA,EURA14,2021-12-27 11:59:00,-0.00185,0.01695,0.0118,0.003716816569772025,0.016721491152537342,0.009305718760735982
MUR100ITA,EURA14,2021-12-28 11:59:00,-0.00209,0.01749,0.00771,0.0034768165697720253,0.01726149115253734,0.005215718760735984
MUR100ITA,EURA14,2021-12-29 11:59:00,-0.00178,0.01804,0.01099,0.0037868165697720257,0.017811491152537343,0.008495718760735982
MUR100ITA,EURA14,2021-12-30 11:59:00,-0.00181,0.0186,0.00577,0.003756816569772025,0.01837149115253734,0.0032757187607359837
MUR100ITA,EURA14,2021-12-31 11:59:00,-0.0032,0.01923,0.00446,0.0023668165697720255,0.019001491152537346,0.001965718760735984
MUR100ITA,EURA14,2022-01-01 11:59:00,-0.00283,0.01904,0.00602,0.002736816569772025,0.018811491152537343,0.003525718760735984
MUR100ITA,EURA14,2022-01-02 11:59:00,-0.00193,0.01938,0.00176,0.0036368165697720253,0.019151491152537344,-0.0007342812392640166
MUR100ITA,EURA14,2022-01-03 11:59:00,-0.00226,0.01893,0.00825,0.0033068165697720253,0.018701491152537345,0.005755718760735983
MUR100ITA,EURA14,2022-01-04 11:59:00,-0.00231,0.01991,-0.00151,0.0032568165697720256,0.019681491152537346,-0.004004281239264017
MUR100ITA,EURA14,2022-01-05 11:59:00,-0.00149,0.01981,0.00697,0.004076816569772025,0.019581491152537343,0.004475718760735983
MUR100ITA,EURA14,2022-01-06 11:59:00,-0.00244,0.0178,0.00658,0.0031268165697720257,0.017571491152537345,0.004085718760735983
MUR100ITA,EURA14,2022-01-07 11:59:00,-0.00325,0.01902,0.00476,0.0023168165697720258,0.018791491152537344,0.002265718760735984
MUR100ITA,EURA14,2022-01-08 11:59:00,-0.00262,0.01907,0.00837,0.0029468165697720252,0.018841491152537346,0.005875718760735983
MUR100ITA,EURA14,2022-01-09 11:59:00,-0.00258,0.01924,0.00676,0.0029868165697720253,0.019011491152537342,0.0042657187607359846
MUR100ITA,EURA14,2022-01-10 11:59:00,-0.00295,0.01945,0.0162,0.0026168165697720257,0.019221491152537344,0.013705718760735982
MUR100ITA,EURA14,2022-01-11 11:59:00,0.00048,0.02005,0.00898,0.0060468165697720256,0.01982149115253734,0.006485718760735983
MUR100ITA,EURA14,2022-01-12 11:59:00,-0.00339,0.02067,0.00609,0.0021768165697720254,0.020441491152537343,0.0035957187607359837
MUR100ITA,EURA14,2022-01-13 11:59:00,-0.00534,0.01914,0.00641,0.00022681656977202548,0.018911491152537346,0.003915718760735983
MUR100ITA,EURA14,2022-01-14 11:59:00,-0.00362,0.01938,0.00654,0.0019468165697720254,0.019151491152537344,0.004045718760735983
MUR100ITA,EURA14,2022-01-15 11:59:00,-0.00283,0.01925,0.00747,0.002736816569772025,0.019021491152537345,0.004975718760735983
MUR100ITA,EURA14,2022-01-16 11:59:00,-0.00405,0.01981,0.00183,0.0015168165697720258,0.019581491152537343,-0.0006642812392640167
MUR100ITA,EURA14,2022-01-17 11:59:00,-0.00402,0.02053,0.00589,0.0015468165697720255,0.020301491152537342,0.003395718760735984
MUR100ITA,EURA14,2022-01-18 11:59:00,-0.00367,0.01966,0.0033,0.0018968165697720253,0.019431491152537346,0.0008057187607359833
MUR100ITA,EURA14,2022-01-19 11:59:00,-0.00279,0.02047,0.00019,0.0027768165697720252,0.020241491152537344,-0.0023042812392640166
MUR100ITA,EURA14,2022-01-20 11:59:00,-0.00391,0.019,0.00825,0.0016568165697720253,0.018771491152537345,0.005755718760735983
MUR100ITA,EURA14,2022-01-21 11:59:00,-0.00317,0.01969,0.0062,0.002396816569772025,0.01946149115253734,0.0037057187607359835
MUR100ITA,EURA14,2022-01-22 11:59:00,-0.00354,0.01955,0.00627,0.0020268165697720254,0.019321491152537347,0.003775718760735984
MUR100ITA,EURA14,2022-01-23 11:59:00,-0.00302,0.01979,0.00815,0.002546816569772025,0.019561491152537344,0.0056557187607359834
MUR100ITA,EURA14,2022-01-24 11:59:00,-0.00221,0.02161,0.00042,0.003356816569772025,0.021381491152537346,-0.0020742812392640165
MUR100ITA,EURA14,2022-01-25 11:59:00,-0.00275,0.01954,0.00276,0.0028168165697720253,0.019311491152537344,0.0002657187607359832
MUR100ITA,EURA14,2022-01-26 11:59:00,-0.00263,0.01999,0.00387,0.0029368165697720256,0.019761491152537343,0.0013757187607359835
MUR100ITA,EURA14,2022-01-27 11:59:00,-0.00272,0.01958,0.004,0.002846816569772025,0.019351491152537342,0.0015057187607359834
MUR100ITA,EURA14,2022-01-28 11:59:00,-0.00269,0.01929,0.00702,0.0028768165697720255,0.019061491152537344,0.004525718760735984
MUR100ITA,EURA14,2022-01-29 11:59:00,-0.00262,0.01938,0.00649,0.0029468165697720252,0.019151491152537344,0.003995718760735983
MUR100ITA,EURA14,2022-01-30 11:59:00,-0.00271,0.02028,0.00769,0.0028568165697720254,0.02005149115253734,0.005195718760735983
MUR100ITA,EURA14,2022-01-31 11:59:00,-0.00251,0.01871,0.01283,0.003056816569772025,0.018481491152537347,0.010335718760735982
MUR100ITA,EURA14,2022-02-01 11:59:00,-0.00343,0.019,0.01497,0.0021368165697720253,0.018771491152537345,0.012475718760735983
MUR100ITA,EURA14,2022-02-02 11:59:00,-0.00244,0.02058,0.01332,0.0031268165697720257,0.020351491152537343,0.010825718760735983
MUR100ITA,EURA14,2022-02-03 11:59:00,-0.00221,0.01983,0.00807,0.003356816569772025,0.019601491152537343,0.005575718760735985
MUR100ITA,EURA14,2022-02-04 11:59:00,-0.00278,0.02053,0.00782,0.0027868165697720257,0.020301491152537342,0.005325718760735985
MUR100ITA,EURA14,2022-02-05 11:59:00,-0.00245,0.01944,0.00333,0.0031168165697720253,0.01921149115253734,0.0008357187607359834
MUR100ITA,EURA14,2022-02-06 11:59:00,-0.0012,0.02109,0.00151,0.0043668165697720255,0.020861491152537347,-0.0009842812392640166
MUR100ITA,EURA14,2022-02-07 11:59:00,-0.00245,0.01949,0.00612,0.0031168165697720253,0.019261491152537343,0.0036257187607359833
MUR100ITA,EURA14,2022-02-08 11:59:00,-0.00223,0.02131,0.00561,0.003336816569772025,0.021081491152537345,0.003115718760735984
MUR100ITA,EURA14,2022-02-09 11:59:00,-0.00186,0.02069,0.00215,0.0037068165697720255,0.020461491152537342,-0.0003442812392640167
MUR100ITA,EURA14,2022-02-10 11:59:00,-0.00183,0.02133,0.00222,0.003736816569772025,0.021101491152537344,-0.0002742812392640165
MUR100ITA,EURA14,2022-02-11 11:59:00,-0.00188,0.02064,0.00768,0.0036868165697720254,0.02041149115253734,0.0051857187607359835
MUR100ITA,EURA14,2022-02-12 11:59:00,-0.00214,0.02067,0.00521,0.0034268165697720256,0.020441491152537343,0.002715718760735984
MUR100ITA,EURA14,2022-02-13 11:59:00,-0.00124,0.02017,0.00472,0.004326816569772025,0.019941491152537343,0.002225718760735984
MUR100ITA,EURA14,2022-02-14 11:59:00,-0.00135,0.02054,0.00604,0.0042168165697720255,0.020311491152537345,0.003545718760735984
MUR100ITA,EURA14,2022-02-15 11:59:00,-0.00131,0.02172,0.01112,0.004256816569772026,0.021491491152537345,0.008625718760735982
MUR100ITA,EURA14,2022-02-16 11:59:00,-0.00157,0.02013,0.00586,0.003996816569772025,0.019901491152537344,0.0033657187607359835
MUR100ITA,EURA14,2022-02-17 11:59:00,-0.00125,0.02001,0.00479,0.004316816569772026,0.019781491152537342,0.0022957187607359837
MUR100ITA,EURA14,2022-02-18 11:59:00,-0.00204,0.02017,0.00446,0.003526816569772025,0.019941491152537343,0.001965718760735984
MUR100ITA,EURA14,2022-02-19 11:59:00,-0.00199,0.02102,0.00564,0.0035768165697720256,0.020791491152537346,0.003145718760735984
MUR100ITA,EURA14,2022-02-20 11:59:00,-0.0017,0.02082,0.00356,0.0038668165697720255,0.020591491152537347,0.0010657187607359831
MUR100ITA,EURA14,2022-02-21 11:59:00,-0.00186,0.01941,0.00983,0.0037068165697720255,0.019181491152537346,0.007335718760735983
MUR100ITA,EURA14,2022-02-22 11:59:00,-0.00186,0.01979,0.00786,0.0037068165697720255,0.019561491152537344,0.005365718760735985
MUR100ITA,EURA14,2022-02-23 11:59:00,-0.00184,0.02094,0.00461,0.0037268165697720256,0.020711491152537342,0.002115718760735984
MUR100ITA,EURA14,2022-02-24 11:59:00,-0.00245,0.02088,0.00827,0.0031168165697720253,0.020651491152537345,0.005775718760735982
MUR100ITA,EURA14,2022-02-25 11:59:00,-0.00164,0.0209,0.00369,0.003926816569772025,0.020671491152537344,0.0011957187607359834
MUR100ITA,EURA14,2022-02-26 11:59:00,-0.00304,0.02038,0.00806,0.002526816569772025,0.020151491152537344,0.005565718760735984
MUR100ITA,EURA14,2022-02-27 11:59:00,-0.00118,0.02168,0.00554,0.0043868165697720255,0.021451491152537347,0.0030457187607359835
MUR100ITA,EURA14,2022-02-28 11:59:00,-0.00178,0.02128,0.00717,0.0037868165697720257,0.021051491152537342,0.0046757187607359835
MUR100ITA,EURA14,2022-03-01 11:59:00,-0.00253,0.0199,0.00707,0.003036816569772025,0.019671491152537343,0.004575718760735984
MUR100ITA,EURA14,2022-03-02 11:59:00,-0.00146,0.02132,0.00559,0.004106816569772026,0.02109149115253734,0.003095718760735984
MUR100ITA,EURA14,2022-03-03 11:59:00,-0.00171,0.02131,0.00956,0.0038568165697720255,0.021081491152537345,0.007065718760735983
MUR100ITA,EURA14,2022-03-04 11:59:00,-0.00254,0.02131,0.00956,0.0030268165697720254,0.021081491152537345,0.007065718760735983
MUR100ITA,EURA14,2022-03-05 11:59:00,-0.00145,0.02045,0.0098,0.004116816569772025,0.020221491152537345,0.007305718760735982
MUR100ITA,EURA14,2022-03-06 11:59:00,-0.00202,0.02081,0.00798,0.003546816569772025,0.020581491152537344,0.005485718760735983
MUR100ITA,EURA14,2022-03-07 11:59:00,-0.00149,0.02037,0.00646,0.004076816569772025,0.02014149115253734,0.003965718760735983
MUR100ITA,EURA14,2022-03-08 11:59:00,-0.0011,0.02207,0.00599,0.004466816569772025,0.02184149115253734,0.0034957187607359834
MUR100ITA,EURA14,2022-03-09 11:59:00,-0.00312,0.02076,0.00301,0.0024468165697720257,0.020531491152537343,0.0005157187607359834
MUR100ITA,EURA14,2022-03-10 11:59:00,-0.00202,0.02167,0.00764,0.003546816569772025,0.021441491152537344,0.005145718760735983
MUR100ITA,EURA14,2022-03-11 11:59:00,-0.00139,0.02183,0.00186,0.004176816569772025,0.021601491152537344,-0.0006342812392640166
MUR100ITA,EURA14,2022-03-12 11:59:00,-0.0021,0.02207,0.00345,0.0034668165697720257,0.02184149115253734,0.0009557187607359833
MUR100ITA,EURA14,2022-03-13 11:59:00,-0.00182,0.02141,0.002,0.0037468165697720256,0.02118149115253734,-0.0004942812392640166
MUR100ITA,EURA14,2022-03-14 11:59:00,-0.0023,0.02195,0.00347,0.003266816569772025,0.021721491152537346,0.0009757187607359833
MUR100ITA,EURA14,2022-03-15 11:59:00,-0.00204,0.02155,0.00345,0.003526816569772025,0.021321491152537342,0.0009557187607359833
MUR100ITA,EURA14,2022-03-16 11:59:00,-0.00257,0.02194,0.00566,0.002996816569772026,0.021711491152537343,0.003165718760735984
MUR100ITA,EURA14,2022-03-17 11:59:00,-0.0034,0.02189,0.00429,0.002166816569772026,0.021661491152537342,0.0017957187607359842
MUR100ITA,EURA14,2022-03-18 11:59:00,-0.00352,0.02167,0.00286,0.0020468165697720255,0.021441491152537344,0.00036571876073598344
MUR100ITA,EURA14,2022-03-19 11:59:00,-0.00278,0.02174,-0.00231,0.0027868165697720257,0.021511491152537345,-0.004804281239264017
MUR100ITA,EURA14,2022-03-20 11:59:00,-0.00159,0.02155,0.00464,0.003976816569772026,0.021321491152537342,0.0021457187607359838
MUR100ITA,EURA14,2022-03-21 11:59:00,-0.00214,0.02264,0.00472,0.0034268165697720256,0.022411491152537343,0.002225718760735984
MUR100ITA,EURA14,2022-03-22 11:59:00,-0.00341,0.02252,0.00379,0.0021568165697720253,0.02229149115253734,0.0012957187607359833
MUR100ITA,EURA14,2022-03-23 11:59:00,-0.00176,0.02225,0.00605,0.0038068165697720253,0.02202149115253734,0.0035557187607359836
MUR100ITA,EURA14,2022-03-24 11:59:00,-0.00207,0.02146,0.00884,0.0034968165697720254,0.021231491152537342,0.006345718760735983
MUR100ITA,EURA14,2022-03-25 11:59:00,-0.00127,0.02177,0.00799,0.004296816569772025,0.021541491152537347,0.005495718760735985
MUR100ITA,EURA14,2022-03-26 11:59:00,-0.00266,0.02136,0.01023,0.002906816569772025,0.021131491152537346,0.007735718760735982
MUR100ITA,EURA14,2022-03-27 11:59:00,-0.00306,0.02,0.01114,0.002506816569772026,0.019771491152537346,0.008645718760735983
MUR100ITA,EURA14,2022-03-28 11:59:00,-0.00242,0.02205,0.00408,0.0031468165697720258,0.021821491152537342,0.0015857187607359836
MUR100ITA,EURA14,2022-03-29 11:59:00,-0.00176,0.02155,0.01277,0.0038068165697720253,0.021321491152537342,0.010275718760735983
MUR100ITA,EURA14,2022-03-30 11:59:00,-0.00227,0.02154,0.01065,0.0032968165697720257,0.021311491152537346,0.008155718760735982
MUR100ITA,EURA14,2022-03-31 11:59:00,-0.00316,0.02108,0.01764,0.0024068165697720256,0.020851491152537344,0.015145718760735982
MUR100ITA,EURA14,2022-04-01 11:59:00,-0.003,0.02102,0.01061,0.002566816569772025,0.020791491152537346,0.008115718760735982
MUR100ITA,EURA14,2022-04-02 11:59:00,-0.00135,0.01987,0.01056,0.0042168165697720255,0.01964149115253734,0.008065718760735982
MUR100ITA,EURA14,2022-04-03 11:59:00,-0.00248,0.02149,0.0048,0.0030868165697720256,0.021261491152537344,0.0023057187607359833
MUR100ITA,EURA14,2022-04-04 11:59:00,-0.00211,0.02137,0.00141,0.0034568165697720253,0.021141491152537342,-0.0010842812392640167
MUR100ITA,EURA14,2022-04-05 11:59:00,-0.00308,0.02098,0.00701,0.0024868165697720258,0.02075149115253734,0.004515718760735983
MUR100ITA,EURA14,2022-04-06 11:59:00,-0.00281,0.0206,0.0073,0.002756816569772025,0.020371491152537342,0.004805718760735983
MUR100ITA,EURA14,2022-04-07 11:59:00,-0.0009,0.01979,0.00643,0.004666816569772025,0.019561491152537344,0.003935718760735984
MUR100ITA,EURA14,2022-04-08 11:59:00,0.00045,0.02249,0.00354,0.006016816569772026,0.022261491152537345,0.0010457187607359835
MUR100ITA,EURA14,2022-04-09 11:59:00,-0.00158,0.02246,0.01628,0.003986816569772025,0.022231491152537343,0.013785718760735982
MUR100ITA,EURA14,2022-07-19 11:59:00,-0.00448,0.02076,0.00894,-0.0033944980624724046,0.01746240891799858,-0.0036939621105275787
MUR100ITA,EURA14,2022-07-20 11:59:00,-0.00476,0.02054,0.01037,-0.0036744980624724053,0.01724240891799858,-0.002263962110527578
MUR100ITA,EURA14,2022-07-21 11:59:00,-0.00564,0.02074,0.01468,-0.0045544980624724046,0.01744240891799858,0.0020460378894724216
MUR100ITA,EURA14,2022-07-22 11:59:00,-0.00522,0.01973,0.02019,-0.004134498062472404,0.016432408917998582,0.007556037889472423
MUR100ITA,EURA14,2022-07-23 11:59:00,-0.00382,0.02032,0.01078,-0.002734498062472405,0.017022408917998583,-0.001853962110527579
MUR100ITA,EURA14,2022-07-24 11:59:00,-0.0046,0.01987,0.0127,-0.003514498062472405,0.016572408917998577,6.603788947242076e-05
MUR100ITA,EURA14,2022-07-25 11:59:00,-0.00335,0.0186,0.00836,-0.002264498062472405,0.015302408917998578,-0.004273962110527579
MUR100ITA,EURA14,2022-07-26 11:59:00,-0.00448,0.01944,0.00889,-0.0033944980624724046,0.016142408917998577,-0.0037439621105275784
MUR100ITA,EURA14,2022-07-27 11:59:00,-0.00531,0.01671,0.00851,-0.004224498062472404,0.013412408917998582,-0.0041239621105275785
MUR100ITA,EURA14,2022-07-28 11:59:00,-0.00529,0.01909,0.02077,-0.004204498062472405,0.01579240891799858,0.008136037889472423
MUR100ITA,EURA14,2022-07-29 11:59:00,-0.00499,0.02099,0.00765,-0.0039044980624724046,0.01769240891799858,-0.004983962110527578
MUR100ITA,EURA14,2022-07-30 11:59:00,-0.00403,0.01949,0.01235,-0.0029444980624724047,0.01619240891799858,-0.00028396211052757886
MUR100ITA,EURA14,2022-07-31 11:59:00,-0.00459,0.01851,0.01042,-0.0035044980624724053,0.015212408917998578,-0.0022139621105275783
MUR100ITA,EURA14,2022-08-01 11:59:00,-0.00407,0.02013,0.0107,-0.0029844980624724048,0.01683240891799858,-0.0019339621105275793
MUR100ITA,EURA14,2022-08-02 11:59:00,-0.0062,0.02014,0.01589,-0.005114498062472404,0.016842408917998583,0.0032560378894724226
MUR100ITA,EURA14,2022-08-03 11:59:00,-0.0059,0.0202,0.01072,-0.004814498062472404,0.01690240891799858,-0.0019139621105275784
MUR100ITA,EURA14,2022-08-04 11:59:00,-0.00246,0.02025,0.01394,-0.001374498062472405,0.016952408917998582,0.0013060378894724205
MUR100ITA,EURA14,2022-08-05 11:59:00,-0.00729,0.01808,0.00974,-0.006204498062472405,0.014782408917998579,-0.0028939621105275783
MUR100ITA,EURA14,2022-08-06 11:59:00,-0.00595,0.02104,0.0164,-0.004864498062472406,0.01774240891799858,0.0037660378894724227
MUR100ITA,EURA14,2022-08-07 11:59:00,-0.00476,0.01996,0.0106,-0.0036744980624724053,0.016662408917998577,-0.0020339621105275787
MUR100ITA,EURA14,2022-08-08 11:59:00,-0.006,0.01826,0.01116,-0.0049144980624724055,0.014962408917998578,-0.001473962110527579
MUR100ITA,EURA14,2022-08-09 11:59:00,-0.00384,0.0207,0.0232,-0.002754498062472405,0.01740240891799858,0.010566037889472421
MUR100ITA,EURA14,2022-08-10 11:59:00,-0.00519,0.02097,0.01576,-0.0041044980624724055,0.01767240891799858,0.003126037889472421
MUR100ITA,EURA14,2022-08-11 11:59:00,-0.00578,0.02177,0.02156,-0.004694498062472406,0.018472408917998583,0.008926037889472422
MUR100ITA,EURA14,2022-08-12 11:59:00,-0.00507,0.02037,0.02885,-0.003984498062472405,0.017072408917998577,0.016216037889472422
MUR100ITA,EURA14,2022-08-13 11:59:00,-0.00525,0.02205,0.02163,-0.004164498062472405,0.018752408917998578,0.008996037889472423
MUR100ITA,EURA14,2022-08-14 11:59:00,-0.00356,0.02046,0.0286,-0.002474498062472405,0.017162408917998577,0.01596603788947242
MUR100ITA,EURA14,2022-08-15 11:59:00,-0.00412,0.02091,0.02065,-0.0030344980624724053,0.017612408917998583,0.008016037889472425
MUR100ITA,EURA14,2022-08-16 11:59:00,-0.00402,0.02222,0.02175,-0.002934498062472405,0.01892240891799858,0.009116037889472422
MUR100ITA,EURA14,2022-08-17 11:59:00,-0.00442,0.02124,0.02294,-0.0033344980624724053,0.01794240891799858,0.010306037889472422
MUR100ITA,EURA14,2022-08-18 11:59:00,-0.00386,0.02091,0.01683,-0.002774498062472405,0.017612408917998583,0.0041960378894724225
MUR100ITA,EURA14,2022-08-19 11:59:00,-0.00254,0.02152,0.01901,-0.001454498062472405,0.018222408917998582,0.006376037889472422
MUR100ITA,EURA14,2022-08-20 11:59:00,-0.00447,0.02046,0.02432,-0.003384498062472405,0.017162408917998577,0.011686037889472424
MUR100ITA,EURA14,2022-08-21 11:59:00,-0.00313,0.02446,0.01619,-0.0020444980624724053,0.02116240891799858,0.003556037889472421
MUR100ITA,EURA14,2022-08-22 11:59:00,-0.00374,0.02194,0.02135,-0.0026544980624724048,0.01864240891799858,0.008716037889472424
MUR100ITA,EURA14,2022-08-23 11:59:00,-0.00384,0.02275,0.01443,-0.002754498062472405,0.019452408917998577,0.0017960378894724214
MUR100ITA,EURA14,2022-08-24 11:59:00,-0.00425,0.02457,0.02264,-0.0031644980624724053,0.02127240891799858,0.010006037889472423
MUR100ITA,EURA14,2022-08-25 11:59:00,-0.00389,0.02258,0.02594,-0.0028044980624724047,0.01928240891799858,0.013306037889472424
MUR100ITA,EURA14,2022-08-26 11:59:00,-0.00247,0.02348,0.03006,-0.0013844980624724054,0.02018240891799858,0.017426037889472425
MUR100ITA,EURA14,2022-08-27 11:59:00,-0.00422,0.02402,0.03233,-0.0031344980624724047,0.020722408917998578,0.019696037889472426
MUR100ITA,EURA14,2022-08-28 11:59:00,-0.00359,0.02168,0.02751,-0.002504498062472405,0.018382408917998583,0.014876037889472423
MUR100ITA,EURA14,2022-08-29 11:59:00,-0.00525,0.02236,0.02334,-0.004164498062472405,0.019062408917998583,0.010706037889472423
MUR100ITA,EURA14,2022-08-30 11:59:00,-0.00529,0.02142,0.02441,-0.004204498062472405,0.01812240891799858,0.011776037889472424
MUR100ITA,EURA14,2022-08-31 11:59:00,-0.00434,0.02267,0.02182,-0.003254498062472405,0.01937240891799858,0.009186037889472422
MUR100ITA,EURA14,2022-09-01 11:59:00,-0.00529,0.02194,0.0209,-0.004204498062472405,0.01864240891799858,0.008266037889472421
MUR100ITA,EURA14,2022-09-02 11:59:00,-0.00344,0.02221,0.02641,-0.002354498062472405,0.01891240891799858,0.013776037889472422
MUR100ITA,EURA14,2022-09-03 11:59:00,-0.00308,0.02246,0.01969,-0.001994498062472405,0.01916240891799858,0.007056037889472422
MUR100ITA,EURA14,2022-09-04 11:59:00,-0.00465,0.02401,0.01785,-0.0035644980624724046,0.02071240891799858,0.0052160378894724226
MUR100ITA,EURA14,2022-09-05 11:59:00,-0.00443,0.02207,0.01558,-0.003344498062472405,0.018772408917998577,0.0029460378894724214
MUR100ITA,EURA14,2022-09-06 11:59:00,-0.0042,0.0219,0.01564,-0.0031144980624724047,0.01860240891799858,0.0030060378894724224
MUR100ITA,EURA14,2022-09-07 11:59:00,-0.00409,0.02156,0.02153,-0.003004498062472405,0.01826240891799858,0.008896037889472424
MUR100ITA,EURA14,2022-09-08 11:59:00,-0.00325,0.02021,0.0221,-0.002164498062472405,0.016912408917998577,0.009466037889472425
MUR100ITA,EURA14,2022-09-09 11:59:00,-0.00352,0.02231,0.01912,-0.002434498062472405,0.01901240891799858,0.006486037889472425
MUR100ITA,EURA14,2022-09-10 11:59:00,-0.00454,0.02266,0.01374,-0.0034544980624724047,0.019362408917998578,0.0011060378894724218
MUR100ITA,EURA14,2022-09-11 11:59:00,-0.00352,0.02253,0.016,-0.002434498062472405,0.01923240891799858,0.0033660378894724216
MUR100ITA,EURA14,2022-09-12 11:59:00,-0.00391,0.02353,0.02447,-0.0028244980624724052,0.02023240891799858,0.011836037889472422
MUR100ITA,EURA14,2022-09-13 11:59:00,-0.00258,0.02343,0.02023,-0.0014944980624724052,0.020132408917998577,0.0075960378894724245
MUR100ITA,EURA14,2022-09-14 11:59:00,-0.00458,0.02378,0.0232,-0.003494498062472405,0.02048240891799858,0.010566037889472421
MUR100ITA,EURA14,2022-09-15 11:59:00,0.00286,0.0228,0.02614,0.003945501937527594,0.01950240891799858,0.013506037889472423
MUR100ITA,EURA14,2022-09-16 11:59:00,-0.00514,0.01816,0.03516,-0.004054498062472404,0.014862408917998582,0.022526037889472425
MUR100ITA,EURA14,2022-09-17 11:59:00,-0.00481,0.02115,0.01383,-0.003724498062472405,0.01785240891799858,0.0011960378894724216
MUR100ITA,EURA14,2022-09-18 11:59:00,-0.00221,0.02158,0.0165,-0.0011244980624724055,0.01828240891799858,0.003866037889472422
MUR100ITA,EURA14,2022-09-19 11:59:00,-0.00291,0.022,0.02107,-0.0018244980624724048,0.018702408917998577,0.008436037889472421
MUR100ITA,EURA14,2022-09-20 11:59:00,-0.00252,0.02392,0.01796,-0.001434498062472405,0.02062240891799858,0.0053260378894724215
MUR100ITA,EURA14,2022-09-21 11:59:00,-0.00403,0.02317,0.01509,-0.0029444980624724047,0.01987240891799858,0.0024560378894724205
MUR100ITA,EURA14,2022-09-22 11:59:00,-0.00444,0.02228,0.01764,-0.0033544980624724053,0.01898240891799858,0.005006037889472421
MUR100ITA,EURA14,2022-09-23 11:59:00,-0.0028,0.02283,0.0161,-0.001714498062472405,0.01953240891799858,0.003466037889472421
MUR100ITA,EURA14,2022-09-24 11:59:00,-0.0039,0.02344,0.01545,-0.002814498062472405,0.02014240891799858,0.0028160378894724215
MUR100ITA,EURA14,2022-09-25 11:59:00,-0.00282,0.02152,0.01043,-0.001734498062472405,0.018222408917998582,-0.0022039621105275787
MUR100ITA,EURA14,2022-10-19 11:59:00,-0.00165,0.02349,0.01805,-0.0005644980624724049,0.020192408917998582,0.005416037889472421
MUR100ITA,EURA14,2022-10-20 11:59:00,-0.0025,0.02304,0.01746,-0.001414498062472405,0.019742408917998583,0.004826037889472421
MUR100ITA,EURA14,2022-10-21 11:59:00,-0.00304,0.02096,0.01628,-0.0019544980624724055,0.017662408917998577,0.0036460378894724206
MUR100ITA,EURA14,2022-10-22 11:59:00,0.00181,0.02084,0.01953,0.0028955019375275955,0.017542408917998582,0.006896037889472422
MUR100ITA,EURA14,2022-10-23 11:59:00,-0.00154,0.02239,0.01962,-0.0004544980624724051,0.019092408917998578,0.0069860378894724216
MUR100ITA,EURA14,2022-10-24 11:59:00,-0.002,0.02189,0.01704,-0.0009144980624724054,0.018592408917998578,0.004406037889472421
MUR100ITA,EURA14,2022-10-25 11:59:00,-0.00066,0.02194,0.02452,0.0004255019375275946,0.01864240891799858,0.011886037889472423
MUR100ITA,EURA14,2022-10-26 11:59:00,-0.00031,0.02165,0.02409,0.0007755019375275951,0.01835240891799858,0.011456037889472423
MUR100ITA,EURA14,2022-10-27 11:59:00,-0.00347,0.02105,0.02387,-0.0023844980624724054,0.017752408917998577,0.011236037889472422
MUR100ITA,EURA14,2022-10-28 11:59:00,-0.00168,0.02344,0.01524,-0.0005944980624724054,0.02014240891799858,0.0026060378894724213
MUR100ITA,EURA14,2022-10-29 11:59:00,-0.00144,0.02297,0.01745,-0.0003544980624724057,0.019672408917998582,0.0048160378894724215
MUR100ITA,EURA14,2022-10-30 11:59:00,-0.00165,0.02208,0.01858,-0.0005644980624724049,0.01878240891799858,0.005946037889472422
MUR100ITA,EURA14,2022-10-31 11:59:00,-0.0015,0.02195,0.02155,-0.000414498062472405,0.018652408917998582,0.008916037889472423
MUR100ITA,EURA14,2022-11-01 11:59:00,-0.00094,0.02277,0.01585,0.00014550193752759476,0.019472408917998577,0.0032160378894724208
MUR100ITA,EURA14,2022-11-02 11:59:00,-0.00152,0.02201,0.02074,-0.00043449806247240503,0.01871240891799858,0.008106037889472424
MUR100ITA,EURA14,2022-11-03 11:59:00,-0.00268,0.02236,0.02285,-0.0015944980624724055,0.019062408917998583,0.010216037889472422
MUR100ITA,EURA14,2022-11-04 11:59:00,-0.00083,0.02274,0.03083,0.0002555019375275946,0.01944240891799858,0.018196037889472425
MUR100ITA,EURA14,2022-11-05 11:59:00,-0.00159,0.02057,0.01833,-0.0005044980624724048,0.017272408917998583,0.005696037889472422
MUR100ITA,EURA14,2022-11-06 11:59:00,-0.0017,0.02123,0.02021,-0.0006144980624724051,0.017932408917998577,0.007576037889472422
MUR100ITA,EURA14,2022-11-07 11:59:00,-0.001,0.02119,0.02257,8.55019375275946e-05,0.01789240891799858,0.009936037889472423
MUR100ITA,EURA14,2022-11-08 11:59:00,-0.00089,0.02233,0.01951,0.00019550193752759445,0.01903240891799858,0.006876037889472423
MUR100ITA,EURA14,2022-11-09 11:59:00,-0.0009,0.02352,0.02118,0.00018550193752759486,0.020222408917998577,0.008546037889472424
MUR100ITA,EURA14,2022-11-10 11:59:00,-0.00068,0.02457,0.01877,0.00040550193752759457,0.02127240891799858,0.0061360378894724215
MUR100ITA,EURA14,2022-11-11 11:59:00,-0.00035,0.02252,0.01941,0.000735501937527595,0.019222408917998576,0.006776037889472423
MUR100ITA,EURA14,2022-11-12 11:59:00,-0.0029,0.02337,0.02249,-0.0018144980624724052,0.02007240891799858,0.009856037889472423
MUR100ITA,EURA14,2022-11-13 11:59:00,-0.00198,0.02316,0.02032,-0.0008944980624724054,0.019862408917998578,0.007686037889472424
MUR100ITA,EURA14,2022-11-14 11:59:00,-0.00014,0.02206,0.02345,0.0009455019375275951,0.01876240891799858,0.010816037889472422
MUR100ITA,EURA14,2022-11-15 11:59:00,0.00059,0.02311,0.02442,0.0016755019375275949,0.019812408917998577,0.011786037889472424
MUR100ITA,EURA14,2022-11-16 11:59:00,0.0019,0.01967,0.03155,0.0029855019375275953,0.016372408917998578,0.018916037889472423
MUR100ITA,EURA14,2022-11-17 11:59:00,-0.00021,0.02315,0.02961,0.0008755019375275945,0.019852408917998582,0.016976037889472426
MUR100ITA,EURA14,2022-11-18 11:59:00,0.00079,0.02183,0.02181,0.0018755019375275954,0.01853240891799858,0.009176037889472423
MUR100ITA,EURA14,2022-11-19 11:59:00,8e-05,0.02252,0.03067,0.0011655019375275948,0.019222408917998576,0.018036037889472424
MUR100ITA,EURA14,2022-11-20 11:59:00,0.00073,0.02101,0.02568,0.0018155019375275944,0.01771240891799858,0.013046037889472424
MUR100ITA,EURA14,2022-11-21 11:59:00,0.00086,0.02184,0.02269,0.0019455019375275943,0.018542408917998576,0.010056037889472421
MUR100ITA,EURA14,2022-11-22 11:59:00,0.00142,0.02099,0.02539,0.002505501937527595,0.01769240891799858,0.012756037889472422
MUR100ITA,EURA14,2022-11-23 11:59:00,0.00095,0.02127,0.02314,0.002035501937527595,0.017972408917998582,0.010506037889472424
MUR100ITA,EURA14,2022-11-24 11:59:00,0.00029,0.02208,0.02126,0.001375501937527595,0.01878240891799858,0.008626037889472424
MUR100ITA,EURA14,2022-11-25 11:59:00,-0.00045,0.0224,0.02074,0.0006355019375275947,0.01910240891799858,0.008106037889472424
MUR100ITA,EURA14,2022-11-26 11:59:00,-0.00137,0.02294,0.01928,-0.00028449806247240507,0.01964240891799858,0.0066460378894724215
MUR100ITA,EURA14,2022-11-27 11:59:00,-0.0024,0.02099,0.01641,-0.0013144980624724047,0.01769240891799858,0.0037760378894724222
MUR100ITA,EURA14,2022-11-28 11:59:00,-0.00047,0.02218,0.02732,0.0006155019375275947,0.018882408917998576,0.014686037889472424
MUR100ITA,EURA14,2022-11-29 11:59:00,-0.00148,0.02174,0.02396,-0.0003944980624724049,0.01844240891799858,0.011326037889472422
MUR100ITA,EURA14,2022-11-30 11:59:00,-0.00125,0.02239,0.02594,-0.00016449806247240475,0.019092408917998578,0.013306037889472424
MUR100ITA,EURA14,2022-12-01 11:59:00,-0.00072,0.02249,0.02777,0.00036550193752759447,0.01919240891799858,0.015136037889472423
MUR100ITA,EURA14,2022-12-02 11:59:00,-0.00054,0.02152,0.02846,0.0005455019375275949,0.018222408917998582,0.01582603788947242
MUR100ITA,EURA14,2022-12-03 11:59:00,-0.00035,0.02217,0.02483,0.000735501937527595,0.01887240891799858,0.012196037889472424
MUR100ITA,EURA14,2022-12-04 11:59:00,0.00033,0.02238,0.02301,0.001415501937527595,0.019082408917998582,0.010376037889472422
MUR100ITA,EURA14,2022-12-05 11:59:00,-0.00124,0.02093,0.02611,-0.00015449806247240516,0.017632408917998582,0.013476037889472424
MUR100ITA,EURA14,2022-12-06 11:59:00,-0.00011,0.02198,0.02386,0.0009755019375275948,0.018682408917998578,0.011226037889472422
MUR100ITA,EURA14,2022-12-07 11:59:00,-0.00013,0.02134,0.01915,0.0009555019375275947,0.018042408917998583,0.006516037889472423
MUR100ITA,EURA14,2022-12-08 11:59:00,-0.00054,0.02124,0.02109,0.0005455019375275949,0.01794240891799858,0.008456037889472424
MUR100ITA,EURA14,2022-12-09 11:59:00,0.00276,0.02307,0.03075,0.003845501937527595,0.019772408917998578,0.01811603788947242
MUR100ITA,EURA14,2022-12-10 11:59:00,0.00028,0.02074,0.029,0.0013655019375275954,0.01744240891799858,0.016366037889472426
MUR100ITA,EURA14,2022-12-11 11:59:00,-0.00021,0.02162,0.0258,0.0008755019375275945,0.01832240891799858,0.013166037889472423
MUR100ITA,EURA14,2022-12-12 11:59:00,-0.00028,0.02269,0.02608,0.0008055019375275948,0.01939240891799858,0.013446037889472422
MUR100ITA,EURA14,2022-12-13 11:59:00,-0.00097,0.02224,0.02762,0.00011550193752759425,0.01894240891799858,0.014986037889472422
MUR100ITA,EURA14,2022-12-14 11:59:00,-1e-05,0.02179,0.02615,0.001075501937527595,0.018492408917998582,0.013516037889472423
MUR100ITA,EURA14,2022-12-15 11:59:00,0.00167,0.01964,0.02226,0.0027555019375275942,0.016342408917998583,0.009626037889472422
MUR100ITA,EURA14,2022-12-16 11:59:00,-0.01781,0.02521,-0.00969,-0.016724498062472407,0.02191240891799858,-0.02232396211052758
MUR100ITA,EURA14,2022-12-17 11:59:00,0.00298,0.01715,0.01164,0.004065501937527595,0.013852408917998578,-0.0009939621105275794
MUR100ITA,EURA14,2022-12-18 11:59:00,0.00014,0.02277,0.01695,0.001225501937527595,0.019472408917998577,0.004316037889472421
MUR100ITA,EURA14,2022-12-19 11:59:00,-0.00029,0.02188,0.0141,0.0007955019375275943,0.01858240891799858,0.001466037889472421
MUR100ITA,EURA14,2022-12-20 11:59:00,0.00011,0.02313,0.01403,0.0011955019375275953,0.019832408917998583,0.001396037889472422
MUR100ITA,EURA14,2022-12-21 11:59:00,-0.00177,0.02342,0.01923,-0.0006844980624724053,0.02012240891799858,0.006596037889472424
MUR100ITA,EURA14,2022-12-22 11:59:00,-0.00194,0.02231,0.02405,-0.0008544980624724053,0.01901240891799858,0.011416037889472421
MUR100ITA,EURA14,2022-12-23 11:59:00,-0.00268,0.02222,0.01754,-0.0015944980624724055,0.01892240891799858,0.004906037889472421
MUR100ITA,EURA14,2022-12-24 11:59:00,-0.00216,0.02271,0.01937,-0.001074498062472405,0.01941240891799858,0.006736037889472421
MUR100ITA,EURA14,2022-12-25 11:59:00,-0.00208,0.0235,0.01971,-0.0009944980624724048,0.020202408917998578,0.007076037889472421
MUR100ITA,EURA14,2022-12-26 11:59:00,-0.00305,0.02404,0.0164,-0.001964498062472405,0.020742408917998577,0.0037660378894724227
MUR100ITA,EURA14,2022-12-27 11:59:00,-0.00238,0.02249,0.01642,-0.0012944980624724056,0.01919240891799858,0.003786037889472422
MUR100ITA,EURA14,2022-12-28 11:59:00,-0.00237,0.02178,0.01862,-0.001284498062472405,0.01848240891799858,0.005986037889472424
MUR100ITA,EURA14,2022-12-29 11:59:00,-0.00208,0.02321,0.01819,-0.0009944980624724048,0.01991240891799858,0.005556037889472424
MUR100ITA,EURA14,2022-12-30 11:59:00,-0.00345,0.02285,0.01616,-0.0023644980624724053,0.01955240891799858,0.003526037889472422
MUR100ITA,EURA14,2022-12-31 11:59:00,-0.00209,0.02324,0.01409,-0.0010044980624724052,0.01994240891799858,0.0014560378894724214
MUR100ITA,EURA14,2023-01-01 11:59:00,-0.00225,0.02237,0.02428,-0.0011644980624724048,0.01907240891799858,0.011646037889472423
MUR100ITA,EURA14,2023-01-02 11:59:00,-0.00274,0.02328,0.02406,-0.0016544980624724048,0.01998240891799858,0.011426037889472425
MUR100ITA,EURA14,2023-01-03 11:59:00,-0.00176,0.02358,0.0228,-0.0006744980624724052,0.02028240891799858,0.010166037889472424
MUR100ITA,EURA14,2023-01-04 11:59:00,-0.00181,0.02384,0.01856,-0.0007244980624724054,0.020542408917998578,0.005926037889472423
MUR100ITA,EURA14,2023-01-05 11:59:00,-0.0016,0.02414,0.02307,-0.0005144980624724052,0.02084240891799858,0.010436037889472423
MUR100ITA,EURA14,2023-01-06 11:59:00,-0.00243,0.02259,0.02282,-0.0013444980624724052,0.019292408917998577,0.010186037889472423
MUR100ITA,EURA14,2023-01-07 11:59:00,-0.00195,0.02298,0.02232,-0.0008644980624724049,0.01968240891799858,0.009686037889472423
MUR100ITA,EURA14,2023-01-08 11:59:00,-0.00117,0.02466,0.02068,-8.449806247240541e-05,0.02136240891799858,0.008046037889472423
MUR100ITA,EURA14,2023-01-09 11:59:00,-0.00159,0.02389,0.0239,-0.0005044980624724048,0.02059240891799858,0.011266037889472424
MUR100ITA,EURA14,2023-01-10 11:59:00,-0.00199,0.02515,0.02405,-0.000904498062472405,0.021852408917998577,0.011416037889472421
MUR100ITA,EURA14,2023-01-11 11:59:00,-0.00065,0.02408,0.02182,0.0004355019375275951,0.020782408917998582,0.009186037889472422
MUR100ITA,EURA14,2023-01-12 11:59:00,0.00076,0.02284,0.02145,0.0018455019375275949,0.019542408917998577,0.008816037889472423
MUR100ITA,EURA14,2023-01-13 11:59:00,0.00014,0.02442,0.01706,0.001225501937527595,0.021122408917998582,0.00442603788947242
MUR100ITA,EURA14,2023-01-14 11:59:00,-0.0007,0.02408,0.0225,0.0003855019375275954,0.020782408917998582,0.009866037889472422
MUR100ITA,EURA14,2023-01-15 11:59:00,-0.00054,0.02359,0.02089,0.0005455019375275949,0.020292408917998578,0.008256037889472422
MUR100ITA,EURA14,2023-01-16 11:59:00,0.00022,0.02218,0.03164,0.0013055019375275943,0.018882408917998576,0.01900603788947243
MUR100ITA,EURA14,2023-01-17 11:59:00,0.00019,0.02306,0.02993,0.0012755019375275947,0.019762408917998582,0.01729603788947242
MUR100ITA,EURA14,2023-01-18 11:59:00,-0.00266,0.02409,0.03095,-0.0015744980624724054,0.02079240891799858,0.01831603788947242
MUR100ITA,EURA14,2023-01-19 11:59:00,-0.00198,0.02473,0.02004,-0.0008944980624724054,0.02143240891799858,0.007406037889472422
MUR100ITA,EURA14,2023-01-20 11:59:00,-0.00179,0.02501,0.02352,-0.0007044980624724053,0.021712408917998582,0.010886037889472422
MUR100ITA,EURA14,2023-01-21 11:59:00,-0.00323,0.0245,0.02624,-0.0021444980624724047,0.02120240891799858,0.013606037889472422
MUR100ITA,EURA14,2023-01-22 11:59:00,-0.00153,0.02574,0.02089,-0.0004444980624724055,0.022442408917998577,0.008256037889472422
MUR100ITA,EURA14,2023-01-23 11:59:00,-0.00114,0.02374,0.02208,-5.44980624724049e-05,0.020442408917998582,0.009446037889472422
MUR100ITA,EURA14,2023-01-24 11:59:00,-0.00174,0.02424,0.01436,-0.0006544980624724052,0.020942408917998583,0.0017260378894724208
MUR100ITA,EURA14,2023-01-25 11:59:00,-0.00203,0.02531,0.01878,-0.0009444980624724051,0.022012408917998577,0.0061460378894724246
MUR100ITA,EURA14,2023-01-26 11:59:00,-0.00246,0.02432,0.02458,-0.001374498062472405,0.02102240891799858,0.011946037889472424
MUR100ITA,EURA14,2023-01-27 11:59:00,-0.00222,0.02427,0.02429,-0.0011344980624724051,0.020972408917998578,0.011656037889472422
MUR100ITA,EURA14,2023-01-28 11:59:00,-0.0021,0.02501,0.0219,-0.0010144980624724048,0.021712408917998582,0.009266037889472422
MUR100ITA,EURA14,2023-01-29 11:59:00,-0.00098,0.02498,0.01828,0.00010550193752759465,0.02168240891799858,0.005646037889472424
MUR100ITA,EURA14,2023-01-30 11:59:00,-0.00264,0.02561,0.02167,-0.0015544980624724054,0.02231240891799858,0.009036037889472421
MUR100ITA,EURA14,2023-01-31 11:59:00,-0.00096,0.02473,0.02088,0.0001255019375275947,0.02143240891799858,0.008246037889472422
MUR100ITA,EURA14,2023-02-01 11:59:00,-0.00149,0.02503,0.01924,-0.0004044980624724054,0.02173240891799858,0.006606037889472423
MUR100ITA,EURA14,2023-02-02 11:59:00,-0.00111,0.02495,0.02352,-2.4498062472405255e-05,0.021652408917998578,0.010886037889472422
MUR100ITA,EURA14,2023-02-03 11:59:00,-0.00106,0.02581,0.02118,2.5501937527594443e-05,0.022512408917998578,0.008546037889472424
MUR100ITA,EURA14,2023-02-04 11:59:00,-0.00389,0.0258,0.02271,-0.0028044980624724047,0.02250240891799858,0.010076037889472424
MUR100ITA,EURA14,2023-02-05 11:59:00,-0.00272,0.02425,0.02337,-0.0016344980624724056,0.02095240891799858,0.010736037889472421
MUR100ITA,EURA14,2023-02-06 11:59:00,-0.0019,0.02558,0.02753,-0.0008144980624724052,0.022282408917998577,0.014896037889472422
MUR100ITA,EURA14,2023-02-07 11:59:00,-0.00301,0.02443,0.01987,-0.001924498062472405,0.02113240891799858,0.007236037889472422
MUR100ITA,EURA14,2023-02-08 11:59:00,-0.00206,0.02472,0.02085,-0.0009744980624724056,0.021422408917998577,0.008216037889472423
MUR100ITA,EURA14,2023-02-09 11:59:00,-0.00277,0.0246,0.02048,-0.0016844980624724053,0.021302408917998582,0.007846037889472425
MUR100ITA,EURA14,2023-02-10 11:59:00,-0.00236,0.02491,0.01994,-0.0012744980624724055,0.02161240891799858,0.007306037889472422
MUR100ITA,EURA14,2023-02-11 11:59:00,-0.00206,0.02361,0.02275,-0.0009744980624724056,0.020312408917998577,0.010116037889472422
MUR100ITA,EURA14,2023-02-12 11:59:00,-0.00097,0.02491,0.02141,0.00011550193752759425,0.02161240891799858,0.008776037889472421
MUR100ITA,EURA14,2023-02-13 11:59:00,-0.0017,0.02451,0.01779,-0.0006144980624724051,0.021212408917998582,0.0051560378894724215
MUR100ITA,EURA14,2023-02-14 11:59:00,-0.00147,0.02502,0.01991,-0.00038449806247240533,0.02172240891799858,0.007276037889472424
MUR100ITA,EURA14,2023-02-15 11:59:00,-0.00148,0.02457,0.02078,-0.0003944980624724049,0.02127240891799858,0.008146037889472423
MUR100ITA,EURA14,2023-02-16 11:59:00,-0.00187,0.02508,0.01741,-0.0007844980624724051,0.021782408917998583,0.00477603788947242
MUR100ITA,EURA14,2023-02-17 11:59:00,-0.0013,0.02513,0.01649,-0.00021449806247240532,0.021832408917998578,0.0038560378894724225
MUR100ITA,EURA14,2023-02-18 11:59:00,-0.00174,0.02309,0.01196,-0.0006544980624724052,0.019792408917998577,-0.0006739621105275786
MUR100ITA,EURA14,2023-02-19 11:59:00,-0.00228,0.0238,0.01037,-0.0011944980624724053,0.02050240891799858,-0.002263962110527578
MUR100ITA,EURA14,2023-02-20 11:59:00,-0.00352,0.02397,0.01314,-0.002434498062472405,0.020672408917998583,0.0005060378894724219
MUR100ITA,EURA14,2023-02-21 11:59:00,-0.00295,0.02295,0.01743,-0.0018644980624724049,0.019652408917998583,0.004796037889472422
MUR100ITA,EURA14,2023-02-22 11:59:00,-0.00313,0.02338,0.01861,-0.0020444980624724053,0.020082408917998583,0.0059760378894724245
MUR100ITA,EURA14,2023-02-23 11:59:00,-0.00261,0.0233,0.01503,-0.0015244980624724049,0.02000240891799858,0.0023960378894724212
MUR100ITA,EURA14,2023-02-24 11:59:00,-0.00298,0.0229,0.01622,-0.0018944980624724054,0.01960240891799858,0.0035860378894724196
MUR100ITA,EURA14,2023-02-25 11:59:00,-0.0033,0.02278,0.01854,-0.0022144980624724054,0.01948240891799858,0.005906037889472424
MUR100ITA,EURA14,2023-02-26 11:59:00,-0.00302,0.02282,0.02189,-0.0019344980624724055,0.019522408917998578,0.009256037889472423
MUR100ITA,EURA14,2023-02-27 11:59:00,-0.00396,0.02208,0.01661,-0.002874498062472405,0.01878240891799858,0.003976037889472421
MUR100ITA,EURA14,2023-02-28 11:59:00,-0.00171,0.02215,0.00085,-0.0006244980624724051,0.01885240891799858,-0.011783962110527579
MUR100ITA,EURA14,2023-03-01 11:59:00,0.00354,0.02415,-0.00568,0.004625501937527594,0.020852408917998583,-0.018313962110527576
MUR100ITA,EURA14,2023-03-02 11:59:00,-0.00176,0.02206,-0.00272,-0.0006744980624724052,0.01876240891799858,-0.015353962110527579
MUR100ITA,EURA14,2023-03-03 11:59:00,-0.00157,0.02216,-0.00225,-0.0004844980624724056,0.018862408917998577,-0.014883962110527577
MUR100ITA,EURA14,2023-03-04 11:59:00,-0.0009,0.02221,-0.00033,0.00018550193752759486,0.01891240891799858,-0.012963962110527577
MUR100ITA,EURA14,2023-03-05 11:59:00,-0.00031,0.02151,0.00024,0.0007755019375275951,0.01821240891799858,-0.012393962110527578
MUR100ITA,EURA14,2023-03-06 11:59:00,-0.0014,0.02217,-0.0009,-0.0003144980624724056,0.01887240891799858,-0.013533962110527577
MUR100ITA,EURA14,2023-03-07 11:59:00,0.00065,0.0218,-0.00352,0.0017355019375275942,0.018502408917998578,-0.016153962110527578
MUR100ITA,EURA14,2023-03-08 11:59:00,-0.00174,0.0207,-0.00591,-0.0006544980624724052,0.01740240891799858,-0.018543962110527577
MUR100ITA,EURA14,2023-03-09 11:59:00,-0.00399,0.02119,-1e-05,-0.0029044980624724046,0.01789240891799858,-0.012643962110527578
MUR100ITA,EURA14,2023-03-10 11:59:00,0.00049,0.02103,0.01224,0.0015755019375275955,0.017732408917998578,-0.0003939621105275796
MUR100ITA,EURA14,2023-03-11 11:59:00,-0.00048,0.02096,-0.00223,0.0006055019375275951,0.017662408917998577,-0.014863962110527578
MUR100ITA,EURA14,2023-03-12 11:59:00,-0.00219,0.02138,-0.00287,-0.0011044980624724055,0.01808240891799858,-0.015503962110527578
MUR100ITA,EURA14,2023-03-13 11:59:00,-0.00154,0.02142,-0.00326,-0.0004544980624724051,0.01812240891799858,-0.015893962110527578
MUR100ITA,EURA14,2023-03-14 11:59:00,-0.00085,0.02374,-0.00211,0.00023550193752759456,0.020442408917998582,-0.014743962110527578
MUR100ITA,EURA14,2023-03-15 11:59:00,-0.00194,0.02273,-0.00447,-0.0008544980624724053,0.019432408917998578,-0.017103962110527577
MUR100ITA,EURA14,2023-03-16 11:59:00,-0.00175,0.02252,-0.00601,-0.0006644980624724052,0.019222408917998576,-0.018643962110527577
MUR100ITA,EURA14,2023-03-17 11:59:00,-0.00099,0.0233,-0.00496,9.550193752759506e-05,0.02000240891799858,-0.017593962110527578
MUR100ITA,EURA14,2023-03-18 11:59:00,-0.0004,0.023,-0.00225,0.0006855019375275953,0.019702408917998578,-0.014883962110527577
MUR100ITA,EURA14,2023-03-19 11:59:00,-0.00198,0.02266,-0.00447,-0.0008944980624724054,0.019362408917998578,-0.017103962110527577
MUR100ITA,EURA14,2023-03-20 11:59:00,-0.00153,0.02221,0.00038,-0.0004444980624724055,0.01891240891799858,-0.012253962110527577
MUR100ITA,EURA14,2023-03-21 11:59:00,-0.00116,0.02202,-0.0039,-7.449806247240495e-05,0.018722408917998583,-0.01653396211052758
MUR100ITA,EURA14,2023-03-22 11:59:00,-0.00147,0.02179,0.00048,-0.00038449806247240533,0.018492408917998582,-0.012153962110527577
MUR100ITA,EURA14,2023-03-23 11:59:00,-0.0011,0.02226,-0.00492,-1.4498062472405662e-05,0.01896240891799858,-0.01755396211052758
MUR100ITA,EURA14,2023-03-24 11:59:00,-0.00188,0.02144,-0.00307,-0.0007944980624724051,0.01814240891799858,-0.01570396211052758
MUR100ITA,EURA14,2023-03-25 11:59:00,-0.00022,0.02358,-0.00259,0.0008655019375275949,0.02028240891799858,-0.015223962110527577
MUR100ITA,EURA14,2023-03-26 11:59:00,0.00112,0.02349,0.00398,0.002205501937527594,0.020192408917998582,-0.008653962110527578
MUR100ITA,EURA14,2023-03-27 11:59:00,-0.00195,0.02212,0.00317,-0.0008644980624724049,0.01882240891799858,-0.009463962110527578
MUR100ITA,EURA14,2023-03-28 11:59:00,-0.00192,0.02257,-0.00011,-0.0008344980624724052,0.019272408917998578,-0.012743962110527578
MUR100ITA,EURA14,2023-03-29 11:59:00,-0.00245,0.02249,-0.00336,-0.0013644980624724053,0.01919240891799858,-0.015993962110527577
MUR100ITA,EURA14,2023-03-30 11:59:00,-0.00146,0.02186,-0.00484,-0.00037449806247240487,0.018562408917998582,-0.017473962110527576
MUR100ITA,EURA14,2023-03-31 11:59:00,-0.00091,0.02234,0.00195,0.00017550193752759527,0.019042408917998577,-0.010683962110527578
MUR100ITA,EURA14,2023-04-01 11:59:00,0.00037,0.02268,0.0022,0.0014555019375275952,0.019382408917998577,-0.010433962110527578
MUR100ITA,EURA14,2023-04-02 11:59:00,-0.00197,0.02311,0.00388,-0.0008844980624724049,0.019812408917998577,-0.008753962110527577
MUR100ITA,EURA14,2023-04-03 11:59:00,-0.00141,0.0216,0.00974,-0.0003244980624724052,0.01830240891799858,-0.0028939621105275783
MUR100ITA,EURA14,2023-04-04 11:59:00,-0.00103,0.0231,0.0026,5.5501937527594955e-05,0.01980240891799858,-0.010033962110527577
MUR100ITA,EURA14,2023-04-05 11:59:00,-0.00111,0.02342,0.00221,-2.4498062472405255e-05,0.02012240891799858,-0.010423962110527579
MUR100ITA,EURA14,2023-04-06 11:59:00,-0.00071,0.02303,0.0039,0.0003755019375275949,0.01973240891799858,-0.008733962110527578
MUR100ITA,EURA14,2023-04-07 11:59:00,-0.00044,0.02346,7e-05,0.0006455019375275952,0.02016240891799858,-0.012563962110527578
MUR100ITA,EURA14,2023-04-08 11:59:00,-0.00132,0.02344,0.00297,-0.00023449806247240537,0.02014240891799858,-0.009663962110527578
MUR100ITA,EURA14,2023-04-09 11:59:00,-0.00068,0.02346,-0.00047,0.00040550193752759457,0.02016240891799858,-0.013103962110527577
MUR100ITA,EURA14,2023-04-10 11:59:00,3e-05,0.02208,-0.00166,0.0011155019375275951,0.01878240891799858,-0.014293962110527577
MUR100ITA,EURA14,2023-04-11 11:59:00,-0.00049,0.02349,-0.00233,0.0005955019375275946,0.020192408917998582,-0.014963962110527577
MUR100ITA,EURA14,2023-04-12 11:59:00,-0.00072,0.02284,-0.00431,0.00036550193752759447,0.019542408917998577,-0.016943962110527577
MUR100ITA,EURA14,2023-04-13 11:59:00,-0.00067,0.02355,0.00245,0.00041550193752759503,0.02025240891799858,-0.010183962110527578
MUR100ITA,EURA14,2023-04-14 11:59:00,-0.00119,0.02393,0.00444,-0.00010449806247240546,0.020632408917998578,-0.008193962110527577
MUR100ITA,EURA14,2023-04-15 11:59:00,-6e-05,0.02323,0.0049,0.0010255019375275953,0.01993240891799858,-0.007733962110527577
MUR100ITA,EURA14,2023-04-16 11:59:00,-0.00079,0.02365,-0.00402,0.0002955019375275947,0.020352408917998582,-0.016653962110527578
MUR100ITA,EURA14,2023-07-19 11:59:00,0.00099,0.02462,0.00238,-4.84768625819529e-05,0.021469631227975766,0.0007609024032392084
MUR100ITA,EURA14,2023-07-20 11:59:00,0.00024,0.02439,0.00073,-0.0007984768625819518,0.021239631227975765,-0.0008890975967607902
MUR100ITA,EURA14,2023-07-21 11:59:00,0.00717,0.02662,0.00861,0.006131523137418047,0.023469631227975768,0.006990902403239208
MUR100ITA,EURA14,2023-07-22 11:59:00,0.00359,0.02439,0.0024,0.002551523137418047,0.021239631227975765,0.0007809024032392094
MUR100ITA,EURA14,2023-07-23 11:59:00,0.00208,0.02478,0.00943,0.0010415231374180478,0.021629631227975767,0.007810902403239207
MUR100ITA,EURA14,2023-07-24 11:59:00,0.00265,0.02531,-0.00028,0.0016115231374180471,0.022159631227975762,-0.0018990975967607907
MUR100ITA,EURA14,2023-07-25 11:59:00,0.0084,0.02464,0.01304,0.0073615231374180475,0.021489631227975765,0.011420902403239208
MUR100ITA,EURA14,2023-07-26 11:59:00,0.00071,0.0243,0.00351,-0.0003284768625819519,0.021149631227975765,0.0018909024032392092
MUR100ITA,EURA14,2023-07-27 11:59:00,0.00133,0.02349,-9e-05,0.0002915231374180471,0.020339631227975767,-0.0017090975967607915
MUR100ITA,EURA14,2023-07-28 11:59:00,0.00207,0.02317,-0.00012,0.0010315231374180482,0.020019631227975766,-0.0017390975967607903
MUR100ITA,EURA14,2023-07-29 11:59:00,0.00058,0.02472,-0.00074,-0.0004584768625819518,0.021569631227975762,-0.002359097596760791
MUR100ITA,EURA14,2023-07-30 11:59:00,0.00118,0.02436,-0.00489,0.00014152313741804803,0.021209631227975763,-0.00650909759676079
MUR100ITA,EURA14,2023-07-31 11:59:00,0.0013,0.0236,-0.00168,0.00026152313741804835,0.020449631227975766,-0.003299097596760791
MUR100ITA,EURA14,2023-08-01 11:59:00,-6e-05,0.02466,0.00653,-0.0010984768625819518,0.021509631227975765,0.004910902403239209
MUR100ITA,EURA14,2023-08-02 11:59:00,0.00094,0.02253,-0.00137,-9.84768625819526e-05,0.019379631227975765,-0.0029890975967607914
MUR100ITA,EURA14,2023-08-03 11:59:00,-0.00293,0.0243,0.00158,-0.003968476862581952,0.021149631227975765,-3.909759676079018e-05
MUR100ITA,EURA14,2023-08-04 11:59:00,-0.0016,0.0237,-0.00339,-0.0026384768625819523,0.020549631227975762,-0.005009097596760789
MUR100ITA,EURA14,2023-08-05 11:59:00,-0.00019,0.02248,0.00519,-0.0012284768625819525,0.019329631227975763,0.00357090240323921
MUR100ITA,EURA14,2023-08-06 11:59:00,-0.00212,0.02253,0.00447,-0.003158476862581952,0.019379631227975765,0.00285090240323921
MUR100ITA,EURA14,2023-08-07 11:59:00,-0.00094,0.02459,-0.00032,-0.0019784768625819523,0.021439631227975764,-0.0019390975967607908
MUR100ITA,EURA14,2023-08-08 11:59:00,-0.00031,0.02284,-0.00039,-0.001348476862581952,0.019689631227975762,-0.0020090975967607897
MUR100ITA,EURA14,2023-08-09 11:59:00,-0.00136,0.02348,-0.00136,-0.0023984768625819526,0.020329631227975764,-0.002979097596760792
MUR100ITA,EURA14,2023-08-10 11:59:00,-0.00167,0.02352,0.00116,-0.002708476862581952,0.020369631227975762,-0.0004590975967607904
MUR100ITA,EURA14,2023-08-11 11:59:00,0.00027,0.02398,-0.00264,-0.0007684768625819522,0.020829631227975764,-0.004259097596760792
MUR100ITA,EURA14,2023-08-12 11:59:00,-0.00274,0.02421,-0.00244,-0.003778476862581952,0.021059631227975766,-0.004059097596760791
MUR100ITA,EURA14,2023-08-13 11:59:00,-0.00058,0.02523,-0.00214,-0.0016184768625819522,0.022079631227975766,-0.0037590975967607913
MUR100ITA,EURA14,2023-08-14 11:59:00,-0.00081,0.0246,0.00015,-0.0018484768625819524,0.021449631227975767,-0.001469097596760791
MUR100ITA,EURA14,2023-08-15 11:59:00,-0.00142,0.0243,-0.00157,-0.002458476862581952,0.021149631227975765,-0.00318909759676079
MUR100ITA,EURA14,2023-08-16 11:59:00,-0.0006,0.02493,0.00604,-0.0016384768625819523,0.021779631227975764,0.00442090240323921
MUR100ITA,EURA14,2023-08-17 11:59:00,-0.00185,0.02479,0.00519,-0.0028884768625819525,0.021639631227975763,0.00357090240323921
MUR100ITA,EURA14,2023-08-18 11:59:00,-0.00292,0.02418,0.00373,-0.003958476862581953,0.021029631227975763,0.002110902403239209
MUR100ITA,EURA14,2023-08-19 11:59:00,-0.00253,0.02294,-0.00506,-0.0035684768625819526,0.019789631227975765,-0.00667909759676079
MUR100ITA,EURA14,2023-08-20 11:59:00,-0.00268,0.0234,0.00429,-0.0037184768625819526,0.020249631227975767,0.0026709024032392104
MUR100ITA,EURA14,2023-08-21 11:59:00,-0.00453,0.02307,-0.00455,-0.005568476862581952,0.019919631227975763,-0.00616909759676079
MUR100ITA,EURA14,2023-08-22 11:59:00,-0.00261,0.02344,-0.00134,-0.003648476862581952,0.020289631227975766,-0.002959097596760791
MUR100ITA,EURA14,2023-08-23 11:59:00,-0.00138,0.02465,-0.00332,-0.0024184768625819517,0.02149963122797576,-0.004939097596760792
MUR100ITA,EURA14,2023-08-24 11:59:00,-0.00213,0.02531,-0.00658,-0.0031684768625819524,0.022159631227975762,-0.00819909759676079
MUR100ITA,EURA14,2023-08-25 11:59:00,-0.00163,0.02404,-0.00501,-0.002668476862581952,0.020889631227975762,-0.006629097596760792
MUR100ITA,EURA14,2023-08-26 11:59:00,-0.00104,0.02325,-0.0038,-0.0020784768625819517,0.020099631227975763,-0.0054190975967607895
MUR100ITA,EURA14,2023-08-27 11:59:00,-0.00234,0.02414,-0.00612,-0.0033784768625819525,0.020989631227975765,-0.007739097596760792
MUR100ITA,EURA14,2023-08-28 11:59:00,0.00262,0.02277,0.0068,0.0015815231374180483,0.019619631227975762,0.005180902403239209
MUR100ITA,EURA14,2023-08-29 11:59:00,-0.00246,0.02349,0.00061,-0.003498476862581952,0.020339631227975767,-0.0010090975967607906
MUR100ITA,EURA14,2023-08-30 11:59:00,-0.00133,0.02298,-0.00271,-0.002368476862581952,0.019829631227975764,-0.004329097596760791
MUR100ITA,EURA14,2023-08-31 11:59:00,-0.00235,0.02219,-0.00572,-0.003388476862581952,0.019039631227975765,-0.007339097596760791
MUR100ITA,EURA14,2023-09-01 11:59:00,-0.00159,0.02131,-0.00258,-0.002628476862581952,0.018159631227975766,-0.004199097596760791
MUR100ITA,EURA14,2023-09-02 11:59:00,-0.00186,0.02212,-0.00338,-0.002898476862581952,0.018969631227975764,-0.004999097596760793
MUR100ITA,EURA14,2023-09-03 11:59:00,-0.00148,0.02338,-0.00506,-0.002518476862581952,0.020229631227975768,-0.00667909759676079
MUR100ITA,EURA14,2023-09-04 11:59:00,-0.00277,0.02074,0.00435,-0.0038084768625819524,0.017589631227975765,0.0027309024032392097
MUR100ITA,EURA14,2023-09-05 11:59:00,-0.0018,0.02294,-0.0163,-0.002838476862581952,0.019789631227975765,-0.01791909759676079
MUR100ITA,EURA14,2023-09-06 11:59:00,-0.00189,0.02346,-0.00378,-0.002928476862581952,0.020309631227975765,-0.00539909759676079
MUR100ITA,EURA14,2023-09-07 11:59:00,-0.00501,0.02144,-0.01323,-0.006048476862581951,0.018289631227975764,-0.01484909759676079
MUR100ITA,EURA14,2023-09-08 11:59:00,-0.00015,0.0225,-0.00408,-0.0011884768625819524,0.019349631227975762,-0.005699097596760792
MUR100ITA,EURA14,2023-09-09 11:59:00,-0.00174,0.02291,-0.00362,-0.0027784768625819523,0.019759631227975763,-0.00523909759676079
MUR100ITA,EURA14,2023-09-10 11:59:00,-0.00219,0.02294,-0.00256,-0.0032284768625819526,0.019789631227975765,-0.0041790975967607915
MUR100ITA,EURA14,2023-09-11 11:59:00,-0.00133,0.0226,-0.00258,-0.002368476862581952,0.019449631227975765,-0.004199097596760791
MUR100ITA,EURA14,2023-09-12 11:59:00,-0.00112,0.0222,-0.0015,-0.002158476862581952,0.019049631227975768,-0.0031190975967607913
MUR100ITA,EURA14,2023-09-13 11:59:00,-0.00104,0.02208,-0.00053,-0.0020784768625819517,0.018929631227975766,-0.002149097596760791
MUR100ITA,EURA14,2023-09-14 11:59:00,-0.00202,0.02072,-0.00036,-0.0030584768625819526,0.017569631227975765,-0.001979097596760791
MUR100ITA,EURA14,2023-09-15 11:59:00,-0.00123,0.02131,0.00202,-0.0022684768625819527,0.018159631227975766,0.00040090240323920924
MUR100ITA,EURA14,2023-09-16 11:59:00,-0.00129,0.02239,-0.00481,-0.002328476862581952,0.019239631227975763,-0.00642909759676079
MUR100ITA,EURA14,2023-09-17 11:59:00,-0.00013,0.0219,-0.00269,-0.0011684768625819524,0.018749631227975766,-0.004309097596760791
MUR100ITA,EURA14,2023-09-18 11:59:00,-0.00244,0.02189,-0.00603,-0.003478476862581952,0.018739631227975763,-0.007649097596760792
MUR100ITA,EURA14,2023-09-19 11:59:00,0.00069,0.02212,-0.00283,-0.0003484768625819528,0.018969631227975764,-0.004449097596760791
MUR100ITA,EURA14,2023-09-20 11:59:00,1e-05,0.02114,-0.00801,-0.0010284768625819529,0.017989631227975762,-0.009629097596760791
MUR100ITA,EURA14,2023-09-21 11:59:00,-0.00084,0.0226,-0.00415,-0.001878476862581952,0.019449631227975765,-0.005769097596760793
MUR100ITA,EURA14,2023-09-22 11:59:00,0.00162,0.02336,0.00718,0.0005815231374180474,0.020209631227975762,0.005560902403239209
MUR100ITA,EURA14,2023-09-23 11:59:00,0.00059,0.02059,-0.0045,-0.0004484768625819522,0.017439631227975767,-0.006119097596760789
MUR100ITA,EURA14,2023-09-24 11:59:00,-3e-05,0.01978,0.00628,-0.001068476862581952,0.016629631227975762,0.004660902403239209
MUR100ITA,EURA14,2023-09-25 11:59:00,-0.00117,0.02077,0.00791,-0.0022084768625819525,0.017619631227975767,0.00629090240323921
MUR100ITA,EURA14,2023-09-26 11:59:00,-0.00119,0.02263,-0.00466,-0.0022284768625819525,0.019479631227975767,-0.006279097596760789
MUR100ITA,EURA14,2023-09-27 11:59:00,-0.0032,0.02043,0.00115,-0.004238476862581952,0.017279631227975767,-0.00046909759676079
MUR100ITA,EURA14,2023-09-28 11:59:00,-0.0018,0.02179,-0.00068,-0.002838476862581952,0.018639631227975767,-0.0022990975967607918
MUR100ITA,EURA14,2023-09-29 11:59:00,-0.001,0.02129,-0.00202,-0.0020384768625819525,0.018139631227975767,-0.003639097596760791
MUR100ITA,EURA14,2023-09-30 11:59:00,-0.00201,0.02058,-0.00026,-0.003048476862581952,0.017429631227975764,-0.0018790975967607915
MUR100ITA,EURA14,2023-10-01 11:59:00,-0.00084,0.02223,-0.00222,-0.001878476862581952,0.019079631227975763,-0.0038390975967607915
MUR100ITA,EURA14,2023-10-02 11:59:00,-0.00109,0.02207,-0.00122,-0.0021284768625819523,0.018919631227975763,-0.0028390975967607906
MUR100ITA,EURA14,2023-10-03 11:59:00,-0.00097,0.02199,-0.00093,-0.002008476862581953,0.018839631227975766,-0.002549097596760792
MUR100ITA,EURA14,2023-10-04 11:59:00,-0.00222,0.02105,0.0011,-0.003258476862581952,0.017899631227975762,-0.0005190975967607914
MUR100ITA,EURA14,2023-10-05 11:59:00,-0.00054,0.02059,0.00406,-0.0015784768625819521,0.017439631227975767,0.0024409024032392094
MUR100ITA,EURA14,2023-10-06 11:59:00,-0.00147,0.02345,-0.00249,-0.0025084768625819524,0.020299631227975762,-0.004109097596760791
MUR100ITA,EURA14,2023-10-07 11:59:00,0.00057,0.02072,-3e-05,-0.00046847686258195227,0.017569631227975765,-0.0016490975967607905
MUR100ITA,EURA14,2023-10-08 11:59:00,-0.00103,0.02179,-0.0004,-0.002068476862581952,0.018639631227975767,-0.002019097596760791
MUR100ITA,EURA14,2023-10-09 11:59:00,-0.00113,0.02128,0.00022,-0.0021684768625819524,0.018129631227975763,-0.0013990975967607903
MUR100ITA,EURA14,2023-10-10 11:59:00,-0.00068,0.02147,0.004,-0.0017184768625819525,0.018319631227975766,0.0023809024032392084
MUR100ITA,EURA14,2023-10-11 11:59:00,-0.00163,0.02111,0.00132,-0.002668476862581952,0.017959631227975767,-0.00029909759676079
MUR100ITA,EURA14,2023-10-12 11:59:00,0.00041,0.02153,-0.0018,-0.0006284768625819518,0.018379631227975764,-0.0034190975967607912
MUR100ITA,EURA14,2023-10-13 11:59:00,-0.00091,0.02078,0.00071,-0.0019484768625819518,0.017629631227975763,-0.0009090975967607912
MUR100ITA,EURA14,2023-10-14 11:59:00,0.00042,0.02064,-0.00469,-0.0006184768625819522,0.017489631227975762,-0.0063090975967607914
MUR100ITA,EURA14,2023-10-15 11:59:00,-0.00095,0.02114,-0.00156,-0.001988476862581952,0.017989631227975762,-0.0031790975967607906
MUR100ITA,EURA14,2023-10-16 11:59:00,0.00037,0.02223,0.00013,-0.0006684768625819519,0.019079631227975763,-0.00148909759676079
MUR100ITA,EURA14,2023-10-17 11:59:00,0.00041,0.01983,-0.00082,-0.0006284768625819518,0.016679631227975764,-0.0024390975967607913
MUR100ITA,EURA14,2023-10-18 11:59:00,-0.00053,0.02078,-0.00044,-0.0015684768625819517,0.017629631227975763,-0.002059097596760791
MUR100ITA,EURA14,2023-10-19 11:59:00,0.00196,0.02238,0.00283,0.0009215231374180475,0.019229631227975767,0.0012109024032392092
MUR100ITA,EURA14,2023-10-20 11:59:00,0.00128,0.02047,-0.00124,0.00024152313741804743,0.017319631227975765,-0.0028590975967607898
MUR100ITA,EURA14,2023-10-21 11:59:00,-0.00264,0.02023,0.00163,-0.0036784768625819524,0.017079631227975768,1.0902403239209518e-05
MUR100ITA,EURA14,2023-10-22 11:59:00,-0.00063,0.02021,-0.00014,-0.0016684768625819528,0.017059631227975762,-0.0017590975967607912
MUR100ITA,EURA14,2023-10-23 11:59:00,-0.00157,0.02128,-0.00298,-0.0026084768625819527,0.018129631227975763,-0.004599097596760792
MUR100ITA,EURA14,2023-10-24 11:59:00,0.00158,0.02263,-0.00516,0.0005415231374180473,0.019479631227975767,-0.00677909759676079
MUR100ITA,EURA14,2023-10-25 11:59:00,-0.00098,0.01996,0.00085,-0.0020184768625819524,0.016809631227975762,-0.0007690975967607917
MUR100ITA,EURA14,2023-10-26 11:59:00,0.0019,0.0201,0.00643,0.0008615231374180482,0.016949631227975763,0.00481090240323921
MUR100ITA,EURA14,2023-10-27 11:59:00,0.00248,0.02329,0.01104,0.001441523137418047,0.02013963122797577,0.009420902403239208
MUR100ITA,EURA14,2023-10-28 11:59:00,-0.00062,0.02036,-0.006,-0.0016584768625819524,0.017209631227975766,-0.00761909759676079
MUR100ITA,EURA14,2023-10-29 11:59:00,0.00059,0.02172,-0.0037,-0.0004484768625819522,0.018569631227975766,-0.00531909759676079
MUR100ITA,EURA14,2023-10-30 11:59:00,0.00116,0.01944,0.01185,0.00012152313741804711,0.016289631227975762,0.010230902403239208
MUR100ITA,EURA14,2023-10-31 11:59:00,0.0007,0.02178,0.00485,-0.00033847686258195236,0.018629631227975764,0.00323090240323921
MUR100ITA,EURA14,2023-11-01 11:59:00,-0.00053,0.02071,-0.00048,-0.0015684768625819517,0.017559631227975762,-0.0020990975967607912
MUR100ITA,EURA14,2023-11-02 11:59:00,-0.00058,0.02122,0.01186,-0.0016184768625819522,0.018069631227975766,0.010240902403239209
MUR100ITA,EURA14,2023-11-03 11:59:00,0.00141,0.02139,0.00427,0.00037152313741804733,0.018239631227975762,0.0026509024032392095
MUR100ITA,EURA14,2023-11-04 11:59:00,0.0016,0.02027,0.00433,0.0005615231374180483,0.017119631227975766,0.002710902403239209
MUR100ITA,EURA14,2023-11-05 11:59:00,0.00394,0.02182,0.00402,0.0029015231374180483,0.018669631227975762,0.0024009024032392093
MUR100ITA,EURA14,2023-11-06 11:59:00,0.00223,0.02323,-0.00504,0.0011915231374180486,0.020079631227975764,-0.006659097596760791
MUR100ITA,EURA14,2023-11-07 11:59:00,0.00069,0.02446,-0.0044,-0.0003484768625819528,0.021309631227975766,-0.006019097596760793
MUR100ITA,EURA14,2023-11-08 11:59:00,0.00097,0.02212,-0.00258,-6.847686258195209e-05,0.018969631227975764,-0.004199097596760791
MUR100ITA,EURA14,2023-11-09 11:59:00,0.00177,0.02175,-0.00088,0.0007315231374180483,0.01859963122797576,-0.0024990975967607906
MUR100ITA,EURA14,2023-11-10 11:59:00,0.00323,0.02321,-0.00118,0.0021915231374180478,0.020059631227975765,-0.0027990975967607905
MUR100ITA,EURA14,2023-11-11 11:59:00,-8e-05,0.02288,-0.00213,-0.0011184768625819527,0.019729631227975768,-0.0037490975967607917
MUR100ITA,EURA14,2023-11-12 11:59:00,-0.00105,0.02292,-0.00109,-0.002088476862581952,0.019769631227975766,-0.0027090975967607907
MUR100ITA,EURA14,2023-11-13 11:59:00,0.00148,0.02242,-0.0032,0.00044152313741804795,0.019269631227975766,-0.004819097596760793
MUR100ITA,EURA14,2023-11-14 11:59:00,0.00257,0.02071,-0.00791,0.001531523137418047,0.017559631227975762,-0.009529097596760792
MUR100ITA,EURA14,2023-11-15 11:59:00,0.00129,0.02068,0.0015,0.000251523137418047,0.017529631227975767,-0.00011909759676079039
MUR100ITA,EURA14,2023-11-16 11:59:00,0.00115,0.02146,2e-05,0.00011152313741804752,0.018309631227975763,-0.0015990975967607908
MUR100ITA,EURA14,2023-11-17 11:59:00,0.0007,0.02202,-0.00034,-0.00033847686258195236,0.018869631227975768,-0.0019590975967607917
MUR100ITA,EURA14,2023-11-18 11:59:00,0.00115,0.02275,-0.00257,0.00011152313741804752,0.019599631227975763,-0.004189097596760791
MUR100ITA,EURA14,2023-11-19 11:59:00,0.00227,0.02394,-0.00892,0.001231523137418047,0.020789631227975766,-0.010539097596760793
MUR100ITA,EURA14,2023-11-20 11:59:00,0.00079,0.02254,0.00032,-0.0002484768625819517,0.019389631227975768,-0.0012990975967607909
MUR100ITA,EURA14,2023-11-21 11:59:00,-0.00017,0.02279,0.0083,-0.0012084768625819525,0.019639631227975768,0.006680902403239208
MUR100ITA,EURA14,2023-11-22 11:59:00,-0.00158,0.02154,-6e-05,-0.0026184768625819523,0.018389631227975767,-0.001679097596760791
MUR100ITA,EURA14,2023-11-23 11:59:00,0.00118,0.02128,-0.00773,0.00014152313741804803,0.018129631227975763,-0.009349097596760792
MUR100ITA,EURA14,2023-11-24 11:59:00,0.00158,0.02163,0.00203,0.0005415231374180473,0.018479631227975767,0.00041090240323920883
MUR100ITA,EURA14,2023-11-25 11:59:00,-0.00076,0.02005,0.00577,-0.0017984768625819527,0.01689963122797576,0.004150902403239209
MUR100ITA,EURA14,2023-11-26 11:59:00,0.00096,0.02131,-0.00016,-7.847686258195168e-05,0.018159631227975766,-0.0017790975967607904
MUR100ITA,EURA14,2023-11-27 11:59:00,-0.00015,0.01988,-0.0011,-0.0011884768625819524,0.016729631227975765,-0.002719097596760792
MUR100ITA,EURA14,2023-11-28 11:59:00,0.00267,0.02156,0.00163,0.001631523137418048,0.018409631227975766,1.0902403239209518e-05
MUR100ITA,EURA14,2023-11-29 11:59:00,0.00045,0.02108,0.00062,-0.0005884768625819517,0.017929631227975765,-0.000999097596760791
MUR100ITA,EURA14,2023-11-30 11:59:00,0.00499,0.02589,0.00094,0.003951523137418048,0.022739631227975766,-0.0006790975967607901
MUR100ITA,EURA14,2023-12-01 11:59:00,0.00403,0.02176,0.01127,0.002991523137418048,0.018609631227975765,0.009650902403239209
MUR100ITA,EURA14,2023-12-02 11:59:00,0.00246,0.02067,0.00456,0.001421523137418048,0.017519631227975764,0.00294090240323921
MUR100ITA,EURA14,2023-12-03 11:59:00,0.00127,0.02129,-0.00296,0.00023152313741804783,0.018139631227975767,-0.004579097596760791
MUR100ITA,EURA14,2023-12-04 11:59:00,0.00173,0.02207,-0.00694,0.0006915231374180482,0.018919631227975763,-0.00855909759676079
MUR100ITA,EURA14,2023-12-05 11:59:00,0.00101,0.02291,4e-05,-2.8476862581951982e-05,0.019759631227975763,-0.0015790975967607899
MUR100ITA,EURA14,2023-12-06 11:59:00,0.00056,0.02154,0.00274,-0.00047847686258195273,0.018389631227975767,0.0011209024032392094
MUR100ITA,EURA14,2023-12-07 11:59:00,-0.00042,0.02239,-0.00238,-0.0014584768625819527,0.019239631227975763,-0.003999097596760792
MUR100ITA,EURA14,2023-12-08 11:59:00,-0.00048,0.02158,-0.00012,-0.001518476862581952,0.018429631227975765,-0.0017390975967607903
MUR100ITA,EURA14,2023-12-09 11:59:00,-0.00031,0.02137,-0.00242,-0.001348476862581952,0.018219631227975763,-0.00403909759676079
MUR100ITA,EURA14,2023-12-10 11:59:00,0.00061,0.02235,-0.00296,-0.00042847686258195216,0.019199631227975765,-0.004579097596760791
MUR100ITA,EURA14,2023-12-11 11:59:00,0.00165,0.02183,-0.01232,0.000611523137418048,0.018679631227975765,-0.01393909759676079
MUR100ITA,EURA14,2023-12-12 11:59:00,-0.00116,0.0211,0.00247,-0.002198476862581952,0.017949631227975764,0.0008509024032392083
MUR100ITA,EURA14,2023-12-13 11:59:00,0.00087,0.02338,0.00316,-0.00016847686258195235,0.020229631227975768,0.0015409024032392096
MUR100ITA,EURA14,2023-12-14 11:59:00,0.0003,0.02096,0.00025,-0.0007384768625819525,0.017809631227975763,-0.0013690975967607915
MUR100ITA,EURA14,2023-12-15 11:59:00,-0.00089,0.01915,-0.00046,-0.0019284768625819526,0.015999631227975764,-0.0020790975967607903
MUR100ITA,EURA14,2023-12-16 11:59:00,-0.00041,0.01759,0.0024,-0.0014484768625819522,0.014439631227975766,0.0007809024032392094
MUR100ITA,EURA14,2023-12-17 11:59:00,0.001,0.0224,-0.01062,-3.8476862581951574e-05,0.019249631227975766,-0.01223909759676079
MUR100ITA,EURA14,2023-12-18 11:59:00,0.00011,0.02187,-0.00501,-0.0009284768625819517,0.018719631227975764,-0.006629097596760792
MUR100ITA,EURA14,2023-12-19 11:59:00,-0.00023,0.02155,-0.00128,-0.0012684768625819518,0.018399631227975763,-0.0028990975967607916
MUR100ITA,EURA14,2023-12-20 11:59:00,-0.00034,0.02139,0.00066,-0.0013784768625819525,0.018239631227975762,-0.0009590975967607909
MUR100ITA,EURA14,2023-12-21 11:59:00,-0.00062,0.02139,0.00073,-0.0016584768625819524,0.018239631227975762,-0.0008890975967607902
MUR100ITA,EURA14,2023-12-22 11:59:00,0.00045,0.02201,0.0029,-0.0005884768625819517,0.018859631227975765,0.001280902403239208
MUR100ITA,EURA14,2023-12-23 11:59:00,-0.00106,0.02286,-0.00594,-0.0020984768625819526,0.01970963122797576,-0.0075590975967607926
MUR100ITA,EURA14,2023-12-24 11:59:00,-0.00023,0.02279,-0.00298,-0.0012684768625819518,0.019639631227975768,-0.004599097596760792
MUR100ITA,EURA14,2023-12-25 11:59:00,0.00018,0.02176,-0.0021,-0.0008584768625819529,0.018609631227975765,-0.003719097596760791
MUR100ITA,EURA14,2023-12-26 11:59:00,0.00048,0.02142,-0.00173,-0.0005584768625819521,0.018269631227975765,-0.0033490975967607906
MUR100ITA,EURA14,2023-12-27 11:59:00,-0.00041,0.02237,-0.0026,-0.0014484768625819522,0.019219631227975764,-0.00421909759676079
MUR100ITA,EURA14,2023-12-28 11:59:00,0.00053,0.02173,-0.003,-0.0005084768625819524,0.018579631227975762,-0.004619097596760791
MUR100ITA,EURA14,2023-12-29 11:59:00,0.00068,0.02197,0.0006,-0.0003584768625819524,0.018819631227975767,-0.0010190975967607901
MUR100ITA,EURA14,2023-12-30 11:59:00,-0.00023,0.0213,-0.00184,-0.0012684768625819518,0.018149631227975763,-0.0034590975967607913
MUR100ITA,EURA14,2023-12-31 11:59:00,-0.00046,0.0223,0.00176,-0.0014984768625819528,0.019149631227975764,0.00014090240323920943
MUR100ITA,EURA14,2024-01-01 11:59:00,0.00013,0.02188,0.00065,-0.0009084768625819526,0.018729631227975767,-0.0009690975967607905
MUR100ITA,EURA14,2024-01-02 11:59:00,0.00047,0.02223,-0.00338,-0.0005684768625819525,0.019079631227975763,-0.004999097596760793
MUR100ITA,EURA14,2024-01-03 11:59:00,-9e-05,0.02122,-0.00461,-0.0011284768625819523,0.018069631227975766,-0.006229097596760791
MUR100ITA,EURA14,2024-01-04 11:59:00,0.00146,0.02283,-0.00292,0.00042152313741804703,0.019679631227975766,-0.004539097596760791
MUR100ITA,EURA14,2024-01-05 11:59:00,0.00179,0.0218,0.00467,0.0007515231374180475,0.018649631227975763,0.003050902403239209
MUR100ITA,EURA14,2024-01-06 11:59:00,6e-05,0.0224,0.00293,-0.0009784768625819523,0.019249631227975766,0.0013109024032392086
MUR100ITA,EURA14,2024-01-07 11:59:00,0.00033,0.02293,0.00341,-0.000708476862581952,0.019779631227975762,0.0017909024032392081
MUR100ITA,EURA14,2024-01-08 11:59:00,-0.00177,0.02391,-0.00238,-0.0028084768625819523,0.020759631227975764,-0.003999097596760792
MUR100ITA,EURA14,2024-01-09 11:59:00,0.00015,0.02226,-0.00107,-0.0008884768625819516,0.019109631227975765,-0.0026890975967607898
MUR100ITA,EURA14,2024-01-10 11:59:00,0.0003,0.02256,0.0001,-0.0007384768625819525,0.019409631227975767,-0.0015190975967607906
MUR100ITA,EURA14,2024-01-11 11:59:00,-0.0018,0.02228,0.00327,-0.002838476862581952,0.019129631227975764,0.0016509024032392086
MUR100ITA,EURA14,2024-01-12 11:59:00,-0.0004,0.0234,-0.00423,-0.0014384768625819518,0.020249631227975767,-0.005849097596760789
MUR100ITA,EURA14,2024-01-13 11:59:00,0.00064,0.02236,-0.0005,-0.0003984768625819525,0.019209631227975768,-0.0021190975967607904
MUR100ITA,EURA14,2024-01-14 11:59:00,-0.00012,0.02191,-0.00097,-0.0011584768625819528,0.018759631227975762,-0.0025890975967607904
MUR100ITA,EURA14,2024-01-15 11:59:00,0.00098,0.02234,0.00361,-5.8476862581952494e-05,0.019189631227975762,0.0019909024032392086
MUR100ITA,EURA14,2024-01-16 11:59:00,-0.00079,0.02282,0.00091,-0.0018284768625819524,0.019669631227975763,-0.0007090975967607906
MUR100ITA,EURA14,2024-01-17 11:59:00,0.00251,0.022,0.00424,0.0014715231374180476,0.018849631227975762,0.002620902403239209
MUR100ITA,EURA14,2024-01-18 11:59:00,0.00184,0.02352,0.00899,0.0008015231374180472,0.020369631227975762,0.007370902403239208
MUR100ITA,EURA14,2024-01-19 11:59:00,0.00247,0.02535,-0.00163,0.0014315231374180475,0.022199631227975768,-0.0032490975967607912
MUR100ITA,EURA14,2024-01-20 11:59:00,-0.00051,0.02188,0.00158,-0.0015484768625819525,0.018729631227975767,-3.909759676079018e-05
MUR100ITA,EURA14,2024-01-21 11:59:00,-0.00082,0.02303,-0.00551,-0.001858476862581952,0.019879631227975765,-0.007129097596760793
MUR100ITA,EURA14,2024-01-22 11:59:00,-0.00041,0.02255,-0.00342,-0.0014484768625819522,0.019399631227975764,-0.005039097596760791
MUR100ITA,EURA14,2024-01-23 11:59:00,0.00062,0.02342,-0.00508,-0.0004184768625819517,0.020269631227975766,-0.006699097596760793
MUR100ITA,EURA14,2024-01-24 11:59:00,-0.00047,0.02349,-0.00016,-0.0015084768625819524,0.020339631227975767,-0.0017790975967607904
MUR100ITA,EURA14,2024-01-25 11:59:00,-0.001,0.02352,0.00298,-0.0020384768625819525,0.020369631227975762,0.0013609024032392083
MUR100ITA,EURA14,2024-01-26 11:59:00,-0.00113,0.02297,0.00364,-0.0021684768625819524,0.019819631227975767,0.002020902403239209
MUR100ITA,EURA14,2024-01-27 11:59:00,-0.00085,0.02347,0.002,-0.0018884768625819525,0.020319631227975768,0.00038090240323921006
MUR100ITA,EURA14,2024-01-28 11:59:00,-0.00137,0.02258,0.00196,-0.002408476862581952,0.019429631227975766,0.0003409024032392082
MUR100ITA,EURA14,2024-01-29 11:59:00,-0.00107,0.02258,0.00142,-0.0021084768625819522,0.019429631227975766,-0.0001990975967607906
MUR100ITA,EURA14,2024-01-30 11:59:00,-0.00127,0.02302,0.0014,-0.0023084768625819528,0.019869631227975762,-0.00021909759676079152
MUR100ITA,EURA14,2024-01-31 11:59:00,-0.00024,0.02313,0.00202,-0.0012784768625819522,0.019979631227975768,0.00040090240323920924
MUR100ITA,EURA14,2024-02-01 11:59:00,-0.00115,0.02252,0.00373,-0.0021884768625819524,0.01936963122797576,0.002110902403239209
MUR100ITA,EURA14,2024-02-02 11:59:00,-0.00173,0.02268,0.00228,-0.0027684768625819522,0.019529631227975762,0.0006609024032392091
MUR100ITA,EURA14,2024-02-03 11:59:00,-0.00143,0.02463,0.00104,-0.0024684768625819523,0.021479631227975762,-0.0005790975967607907
MUR100ITA,EURA14,2024-02-04 11:59:00,-0.00074,0.02303,0.0007,-0.0017784768625819518,0.019879631227975765,-0.0009190975967607908
MUR100ITA,EURA14,2024-02-05 11:59:00,-0.00081,0.02425,-0.00205,-0.0018484768625819524,0.021099631227975764,-0.0036690975967607915
MUR100ITA,EURA14,2024-02-06 11:59:00,-0.00104,0.02314,-0.00026,-0.0020784768625819517,0.019989631227975764,-0.0018790975967607915
MUR100ITA,EURA14,2024-02-07 11:59:00,-0.00066,0.02397,0.00066,-0.0016984768625819525,0.02081963122797577,-0.0009590975967607909
MUR100ITA,EURA14,2024-02-08 11:59:00,-0.00229,0.02194,0.00786,-0.003328476862581952,0.018789631227975764,0.006240902403239211
MUR100ITA,EURA14,2024-02-09 11:59:00,-0.00143,0.02213,0.00588,-0.0024684768625819523,0.018979631227975767,0.00426090240323921
MUR100ITA,EURA14,2024-02-10 11:59:00,-2e-05,0.02265,0.00648,-0.0010584768625819525,0.019499631227975767,0.00486090240323921
MUR100ITA,EURA14,2024-02-11 11:59:00,-0.00127,0.02371,0.0017,-0.0023084768625819528,0.020559631227975765,8.09024032392084e-05
MUR100ITA,EURA14,2024-02-12 11:59:00,-0.00066,0.02314,0.00247,-0.0016984768625819525,0.019989631227975764,0.0008509024032392083
MUR100ITA,EURA14,2024-02-13 11:59:00,0.00014,0.02287,-0.00194,-0.0008984768625819521,0.019719631227975765,-0.0035590975967607907
MUR100ITA,EURA14,2024-02-14 11:59:00,-0.00083,0.02378,-0.00069,-0.0018684768625819525,0.020629631227975766,-0.0023090975967607914
MUR100ITA,EURA14,2024-02-15 11:59:00,-0.00022,0.02377,-0.00112,-0.0012584768625819522,0.020619631227975763,-0.002739097596760791
MUR100ITA,EURA14,2024-02-16 11:59:00,-0.00093,0.02317,0.00094,-0.0019684768625819527,0.020019631227975766,-0.0006790975967607901
MUR100ITA,EURA14,2024-02-17 11:59:00,-0.00094,0.02361,0.00408,-0.0019784768625819523,0.020459631227975762,0.0024609024032392086
MUR100ITA,EURA14,2024-02-18 11:59:00,-0.00056,0.02333,-0.00022,-0.0015984768625819522,0.020179631227975767,-0.0018390975967607897
MUR100ITA,EURA14,2024-02-19 11:59:00,-0.00133,0.02294,0.0013,-0.002368476862581952,0.019789631227975765,-0.0003190975967607909
MUR100ITA,EURA14,2024-02-20 11:59:00,-0.00092,0.02361,0.00022,-0.0019584768625819523,0.020459631227975762,-0.0013990975967607903
MUR100ITA,EURA14,2024-02-21 11:59:00,-0.00048,0.02475,0.00043,-0.001518476862581952,0.021599631227975764,-0.001189097596760792
MUR100ITA,EURA14,2024-02-22 11:59:00,-8e-05,0.02229,0.00424,-0.0011184768625819527,0.019139631227975767,0.002620902403239209
MUR100ITA,EURA14,2024-02-23 11:59:00,0.00126,0.02408,0.00331,0.00022152313741804824,0.020929631227975767,0.0016909024032392087
MUR100ITA,EURA14,2024-02-24 11:59:00,-0.00184,0.02399,0.00075,-0.002878476862581952,0.020839631227975768,-0.0008690975967607911
MUR100ITA,EURA14,2024-02-25 11:59:00,-0.00106,0.02381,0.00413,-0.0020984768625819526,0.020659631227975768,0.00251090240323921
MUR100ITA,EURA14,2024-02-26 11:59:00,-0.00119,0.02412,0.00043,-0.0022284768625819525,0.020969631227975766,-0.001189097596760792
MUR100ITA,EURA14,2024-02-27 11:59:00,-0.00094,0.0248,0.00128,-0.0019784768625819523,0.021649631227975766,-0.0003390975967607901
MUR100ITA,EURA14,2024-02-28 11:59:00,-0.00248,0.02499,0.00136,-0.003518476862581952,0.02183963122797576,-0.0002590975967607916
MUR100ITA,EURA14,2024-02-29 11:59:00,-0.00149,0.02317,0.00531,-0.0025284768625819525,0.020019631227975766,0.0036909024032392088
MUR100ITA,EURA14,2024-03-01 11:59:00,-0.0015,0.02378,0.00095,-0.002538476862581952,0.020629631227975766,-0.0006690975967607905
MUR100ITA,EURA14,2024-03-02 11:59:00,-0.00106,0.02425,-0.00118,-0.0020984768625819526,0.021099631227975764,-0.0027990975967607905
MUR100ITA,EURA14,2024-03-03 11:59:00,-8e-05,0.02458,-0.00246,-0.0011184768625819527,0.021429631227975768,-0.00407909759676079
MUR100ITA,EURA14,2024-03-04 11:59:00,0.00084,0.02496,0.00289,-0.000198476862581952,0.021809631227975766,0.0012709024032392085
MUR100ITA,EURA14,2024-03-05 11:59:00,-0.00077,0.02441,-0.00073,-0.0018084768625819523,0.021259631227975764,-0.0023490975967607897
MUR100ITA,EURA14,2024-03-06 11:59:00,-0.00156,0.02378,0.00437,-0.0025984768625819522,0.020629631227975766,0.002750902403239209
MUR100ITA,EURA14,2024-03-07 11:59:00,-0.00132,0.02465,0.00065,-0.0023584768625819525,0.02149963122797576,-0.0009690975967607905
MUR100ITA,EURA14,2024-03-08 11:59:00,-0.00089,0.02499,-0.00308,-0.0019284768625819526,0.02183963122797576,-0.004699097596760791
MUR100ITA,EURA14,2024-03-09 11:59:00,-0.00067,0.02477,-0.00022,-0.001708476862581952,0.021619631227975764,-0.0018390975967607897
MUR100ITA,EURA14,2024-03-10 11:59:00,-0.00143,0.02414,-0.0016,-0.0024684768625819523,0.020989631227975765,-0.0032190975967607907
MUR100ITA,EURA14,2024-03-11 11:59:00,-0.0012,0.02338,0.00058,-0.002238476862581952,0.020229631227975768,-0.001039097596760791
MUR100ITA,EURA14,2024-03-12 11:59:00,-0.00258,0.0256,-0.0033,-0.0036184768625819523,0.022449631227975768,-0.004919097596760789
MUR100ITA,EURA14,2024-03-13 11:59:00,-0.0017,0.02505,-0.00159,-0.002738476862581952,0.021899631227975766,-0.003209097596760791
MUR100ITA,EURA14,2024-03-14 11:59:00,-0.00085,0.02476,-0.00119,-0.0018884768625819525,0.021609631227975767,-0.002809097596760792
MUR100ITA,EURA14,2024-03-15 11:59:00,-0.00081,0.02406,-0.00335,-0.0018484768625819524,0.020909631227975768,-0.0049690975967607905
MUR100ITA,EURA14,2024-03-16 11:59:00,-0.0015,0.02478,-0.00242,-0.002538476862581952,0.021629631227975767,-0.00403909759676079
MUR100ITA,EURA14,2024-03-17 11:59:00,0.00049,0.02461,-0.00517,-0.0005484768625819516,0.021459631227975763,-0.006789097596760793
MUR100ITA,EURA14,2024-03-18 11:59:00,-0.00094,0.02477,-0.00423,-0.0019784768625819523,0.021619631227975764,-0.005849097596760789
MUR100ITA,EURA14,2024-03-19 11:59:00,-0.00126,0.02532,-0.00441,-0.0022984768625819523,0.022169631227975765,-0.006029097596760789
MUR100ITA,EURA14,2024-03-20 11:59:00,-0.00061,0.02496,-0.00211,-0.001648476862581952,0.021809631227975766,-0.0037290975967607908
MUR100ITA,EURA14,2024-03-21 11:59:00,-0.00034,0.02675,-0.00343,-0.0013784768625819525,0.023599631227975766,-0.005049097596760791
MUR100ITA,EURA14,2024-03-22 11:59:00,-0.0015,0.02432,0.00487,-0.002538476862581952,0.021169631227975765,0.0032509024032392093
MUR100ITA,EURA14,2024-03-23 11:59:00,0.00023,0.02394,0.00474,-0.0008084768625819523,0.020789631227975766,0.0031209024032392094
MUR100ITA,EURA14,2024-03-24 11:59:00,0.00101,0.02316,-0.00175,-2.8476862581951982e-05,0.020009631227975763,-0.00336909759676079
MUR100ITA,EURA14,2024-03-25 11:59:00,-0.001,0.02439,0.00118,-0.0020384768625819525,0.021239631227975765,-0.00043909759676079123
MUR100ITA,EURA14,2024-03-26 11:59:00,-0.00022,0.0238,0.00182,-0.0012584768625819522,0.020649631227975765,0.00020090240323920872
MUR100ITA,EURA14,2024-03-27 11:59:00,-0.00101,0.02383,0.00039,-0.002048476862581952,0.020679631227975767,-0.0012290975967607903
MUR100ITA,EURA14,2024-03-28 11:59:00,0.00729,0.02737,0.00018,0.006251523137418048,0.02421963122797576,-0.0014390975967607904
MUR100ITA,EURA14,2024-03-29 11:59:00,-8e-05,0.02425,0.00049,-0.0011184768625819527,0.021099631227975764,-0.0011290975967607909
MUR100ITA,EURA14,2024-03-30 11:59:00,-0.00024,0.0246,-0.00064,-0.0012784768625819522,0.021449631227975767,-0.00225909759676079
MUR100ITA,EURA14,2024-03-31 11:59:00,0.00201,0.02664,-0.00339,0.0009715231374180472,0.023489631227975767,-0.005009097596760789
MUR100ITA,EURA14,2024-04-01 11:59:00,-0.00082,0.02494,0.00121,-0.001858476862581952,0.021789631227975767,-0.0004090975967607907
MUR100ITA,EURA14,2024-04-02 11:59:00,-0.00073,0.02551,0.00052,-0.0017684768625819522,0.022359631227975768,-0.0010990975967607904
MUR100ITA,EURA14,2024-04-03 11:59:00,-0.00154,0.02382,-0.00409,-0.002578476862581952,0.020669631227975764,-0.005709097596760788
MUR100ITA,EURA14,2024-04-04 11:59:00,0.00046,0.02378,-0.00415,-0.0005784768625819521,0.020629631227975766,-0.005769097596760793
MUR100ITA,EURA14,2024-04-05 11:59:00,-0.00042,0.02441,-0.00365,-0.0014584768625819527,0.021259631227975764,-0.005269097596760792
MUR100ITA,EURA14,2024-04-06 11:59:00,-0.00103,0.02533,-0.00135,-0.002068476862581952,0.02217963122797576,-0.0029690975967607905
MUR100ITA,EURA14,2024-04-07 11:59:00,-0.00073,0.02389,-0.0001,-0.0017684768625819522,0.020739631227975765,-0.0017190975967607911
MUR100ITA,EURA14,2024-04-08 11:59:00,0.00029,0.02512,0.00055,-0.0007484768625819521,0.021969631227975767,-0.0010690975967607898
MUR100ITA,EURA14,2024-04-09 11:59:00,1e-05,0.02436,0.00256,-0.0010284768625819529,0.021209631227975763,0.0009409024032392098
MUR100ITA,EURA14,2024-04-10 11:59:00,0.00038,0.02304,-0.00085,-0.0006584768625819523,0.019889631227975768,-0.0024690975967607918
MUR100ITA,EURA14,2024-04-11 11:59:00,-0.00132,0.02572,-0.0047,-0.0023584768625819525,0.022569631227975763,-0.006319097596760791
MUR100ITA,EURA14,2024-04-12 11:59:00,-0.00147,0.02571,-0.00489,-0.0025084768625819524,0.022559631227975767,-0.00650909759676079
MUR100ITA,EURA14,2024-04-13 11:59:00,-0.00143,0.02439,-0.00297,-0.0024684768625819523,0.021239631227975765,-0.00458909759676079
MUR100ITA,EURA14,2024-04-14 11:59:00,-0.00095,0.02347,-0.00064,-0.001988476862581952,0.020319631227975768,-0.00225909759676079
MUR100ITA,EURA14,2024-04-15 11:59:00,-0.00095,0.02401,0.00981,-0.001988476862581952,0.020859631227975767,0.008190902403239208
MUR100ITA,EURA14,2024-04-16 11:59:00,-0.00102,0.02563,0.00734,-0.0020584768625819525,0.022479631227975763,0.005720902403239209
MUR100ITA,EURA14,2024-04-17 11:59:00,-0.00105,0.02414,0.00485,-0.002088476862581952,0.020989631227975765,0.00323090240323921
MUR100ITA,EURA14,2024-04-18 11:59:00,-0.00037,0.02537,0.00162,-0.0014084768625819521,0.022219631227975767,9.02403239208191e-07
MUR100ITA,EURA14,2024-04-19 11:59:00,-0.0035,0.02498,0.00016,-0.004538476862581952,0.021829631227975765,-0.0014590975967607913
MUR100ITA,EURA14,2024-04-20 11:59:00,-0.00023,0.02666,-0.00031,-0.0012684768625819518,0.023509631227975766,-0.0019290975967607912
MUR100ITA,EURA14,2024-04-21 11:59:00,-0.0018,0.02484,0.00142,-0.002838476862581952,0.021689631227975764,-0.0001990975967607906
MUR100ITA,EURA14,2024-04-22 11:59:00,-2e-05,0.02645,0.00367,-0.0010584768625819525,0.023299631227975764,0.0020509024032392097
MUR100ITA,EURA14,2024-04-23 11:59:00,-0.0007,0.02466,0.0046,-0.0017384768625819517,0.021509631227975765,0.00298090240323921
MUR100ITA,EURA14,2024-04-24 11:59:00,-6e-05,0.02538,0.00212,-0.0010984768625819518,0.022229631227975763,0.0005009024032392086
MUR100ITA,EURA14,2024-04-25 11:59:00,-0.00058,0.02475,0.00316,-0.0016184768625819522,0.021599631227975764,0.0015409024032392096
MUR100ITA,EURA14,2024-04-26 11:59:00,-0.00021,0.02437,-0.00412,-0.0012484768625819526,0.021219631227975766,-0.00573909759676079
MUR100ITA,EURA14,2024-04-27 11:59:00,6e-05,0.02517,-0.00243,-0.0009784768625819523,0.022019631227975768,-0.00404909759676079
MUR100ITA,EURA14,2024-04-28 11:59:00,-0.00191,0.02439,-0.00099,-0.0029484768625819523,0.021239631227975765,-0.0026090975967607913
MUR100ITA,EURA14,2024-04-29 11:59:00,0.00034,0.02484,-4e-05,-0.0006984768625819524,0.021689631227975764,-0.00165909759676079
MUR100ITA,EURA14,2024-04-30 11:59:00,-0.00059,0.0237,-0.00179,-0.0016284768625819527,0.020549631227975762,-0.0034090975967607916
MUR100ITA,EURA14,2024-05-01 11:59:00,0.00047,0.02476,-0.00489,-0.0005684768625819525,0.021609631227975767,-0.00650909759676079
MUR100ITA,EURA14,2024-05-02 11:59:00,-5e-05,0.02502,-0.00173,-0.0010884768625819522,0.021869631227975764,-0.0033490975967607906
MUR100ITA,EURA14,2024-05-03 11:59:00,-0.00079,0.02473,-0.002,-0.0018284768625819524,0.021579631227975765,-0.00361909759676079
MUR100ITA,EURA14,2024-05-04 11:59:00,0.00015,0.02471,-0.00307,-0.0008884768625819516,0.021559631227975766,-0.0046890975967607915
MUR100ITA,EURA14,2024-05-05 11:59:00,0.00035,0.02385,-0.00118,-0.0006884768625819528,0.020699631227975766,-0.0027990975967607905
MUR100ITA,EURA14,2024-05-06 11:59:00,-0.00087,0.02441,-0.00429,-0.0019084768625819517,0.021259631227975764,-0.00590909759676079
MUR100ITA,EURA14,2024-05-07 11:59:00,0.00127,0.02449,-0.00385,0.00023152313741804783,0.021339631227975768,-0.005469097596760791
MUR100ITA,EURA14,2024-05-08 11:59:00,-0.00092,0.02492,0.00073,-0.0019584768625819523,0.021769631227975768,-0.0008890975967607902
MUR100ITA,EURA14,2024-05-09 11:59:00,-0.00104,0.02416,-0.00502,-0.0020784768625819517,0.021009631227975764,-0.006639097596760788
MUR100ITA,EURA14,2024-05-10 11:59:00,-0.00111,0.02527,-0.00416,-0.0021484768625819523,0.022119631227975764,-0.005779097596760789
MUR100ITA,EURA14,2024-05-11 11:59:00,-0.00091,0.02552,-0.00744,-0.0019484768625819518,0.022369631227975764,-0.009059097596760794
MUR100ITA,EURA14,2024-05-12 11:59:00,9e-05,0.0249,-0.00286,-0.0009484768625819527,0.02174963122797576,-0.004479097596760791
MUR100ITA,EURA14,2024-05-13 11:59:00,0.0002,0.02383,0.00113,-0.0008384768625819519,0.020679631227975767,-0.0004890975967607909
MUR100ITA,EURA14,2024-05-14 11:59:00,-0.00084,0.02447,0.00387,-0.001878476862581952,0.021319631227975762,0.00225090240323921
MUR100ITA,EURA14,2024-05-15 11:59:00,-0.00098,0.02442,-0.00147,-0.0020184768625819524,0.021269631227975767,-0.003089097596760791
MUR100ITA,EURA14,2024-05-16 11:59:00,0.00234,0.02518,-0.00459,0.0013015231374180476,0.022029631227975764,-0.006209097596760789
MUR100ITA,EURA14,2024-05-17 11:59:00,0.00193,0.02452,-0.00392,0.0008915231374180478,0.021369631227975763,-0.005539097596760792
MUR100ITA,EURA14,2024-05-18 11:59:00,-0.00173,0.02497,0.00146,-0.0027684768625819522,0.021819631227975762,-0.0001590975967607905
MUR100ITA,EURA14,2024-05-19 11:59:00,0.00129,0.02473,-0.00235,0.000251523137418047,0.021579631227975765,-0.003969097596760791
MUR100ITA,EURA14,2024-05-20 11:59:00,0.00103,0.02436,-0.00319,-8.476862581952797e-06,0.021209631227975763,-0.00480909759676079
MUR100ITA,EURA14,2024-05-21 11:59:00,0.00077,0.02388,-0.00379,-0.0002684768625819526,0.02072963122797576,-0.00540909759676079
MUR100ITA,EURA14,2024-05-22 11:59:00,0.00032,0.02469,-0.00263,-0.0007184768625819516,0.021539631227975767,-0.00424909759676079
MUR100ITA,EURA14,2024-05-23 11:59:00,0.00103,0.02554,-0.00729,-8.476862581952797e-06,0.022389631227975763,-0.00890909759676079
MUR100ITA,EURA14,2024-05-24 11:59:00,0.0003,0.02517,-0.00773,-0.0007384768625819525,0.022019631227975768,-0.009349097596760792
MUR100ITA,EURA14,2024-05-25 11:59:00,0.00036,0.0233,0.00263,-0.0006784768625819524,0.020149631227975764,0.0010109024032392087
MUR100ITA,EURA14,2024-05-26 11:59:00,-0.00027,0.02372,0.00349,-0.0013084768625819519,0.020569631227975768,0.0018709024032392083
MUR100ITA,EURA14,2024-05-27 11:59:00,-0.00057,0.02493,-0.00182,-0.0016084768625819518,0.021779631227975764,-0.0034390975967607904
MUR100ITA,EURA14,2024-05-28 11:59:00,-2e-05,0.02493,-0.00496,-0.0010584768625819525,0.021779631227975764,-0.006579097596760791
MUR100ITA,EURA14,2024-05-29 11:59:00,0.00143,0.02647,-0.00367,0.00039152313741804825,0.023319631227975764,-0.005289097596760791
MUR100ITA,EURA14,2024-05-30 11:59:00,0.00056,0.02448,-0.00361,-0.00047847686258195273,0.021329631227975765,-0.00522909759676079
MUR100ITA,EURA14,2024-05-31 11:59:00,0.00311,0.02639,-0.0052,0.0020715231374180475,0.023239631227975767,-0.006819097596760788
MUR100ITA,EURA14,2024-06-01 11:59:00,8e-05,0.02513,-0.00377,-0.0009584768625819523,0.021979631227975763,-0.005389097596760791
MUR100ITA,EURA14,2024-06-02 11:59:00,-5e-05,0.02557,-0.00531,-0.0010884768625819522,0.022419631227975766,-0.0069290975967607905
MUR100ITA,EURA14,2024-06-03 11:59:00,-0.00016,0.02584,-0.00243,-0.001198476862581952,0.022689631227975765,-0.00404909759676079
MUR100ITA,EURA14,2024-06-04 11:59:00,0.00013,0.02575,-0.004,-0.0009084768625819526,0.022599631227975765,-0.005619097596760788
MUR100ITA,EURA14,2024-06-05 11:59:00,-0.00111,0.02502,-0.00548,-0.0021484768625819523,0.021869631227975764,-0.0070990975967607905
MUR100ITA,EURA14,2024-06-06 11:59:00,8e-05,0.02512,0.00038,-0.0009584768625819523,0.021969631227975767,-0.0012390975967607899
MUR100ITA,EURA14,2024-06-07 11:59:00,0.00122,0.02622,-0.00448,0.00018152313741804814,0.023069631227975763,-0.00609909759676079
MUR100ITA,EURA14,2024-06-08 11:59:00,0.0007,0.02624,-0.00315,-0.00033847686258195236,0.023089631227975763,-0.004769097596760792
MUR100ITA,EURA14,2024-06-09 11:59:00,0.00122,0.02387,0.00114,0.00018152313741804814,0.020719631227975766,-0.00047909759676079133
MUR100ITA,EURA14,2024-06-10 11:59:00,0.00097,0.02693,-0.00317,-6.847686258195209e-05,0.023779631227975766,-0.004789097596760791
MUR100ITA,EURA14,2024-06-11 11:59:00,-0.00087,0.02612,-0.00557,-0.0019084768625819517,0.022969631227975768,-0.00718909759676079
MUR100ITA,EURA14,2024-06-12 11:59:00,0.00087,0.0257,-0.00055,-0.00016847686258195235,0.022549631227975764,-0.00216909759676079
MUR100ITA,EURA14,2024-06-13 11:59:00,0.00047,0.02507,-0.00312,-0.0005684768625819525,0.021919631227975765,-0.0047390975967607895
MUR100ITA,EURA14,2024-06-14 11:59:00,0.00068,0.02604,-0.00552,-0.0003584768625819524,0.022889631227975764,-0.007139097596760789
MUR100ITA,EURA14,2024-06-15 11:59:00,0.00032,0.0247,-0.00831,-0.0007184768625819516,0.021549631227975763,-0.00992909759676079
MUR100ITA,EURA14,2024-06-16 11:59:00,0.00204,0.02588,-0.00383,0.0010015231374180477,0.022729631227975763,-0.005449097596760792
MUR100ITA,EURA14,2024-06-17 11:59:00,0.00145,0.02532,-0.00185,0.00041152313741804744,0.022169631227975765,-0.003469097596760791
MUR100ITA,EURA14,2024-06-18 11:59:00,0.00122,0.02558,-0.00249,0.00018152313741804814,0.022429631227975762,-0.004109097596760791
MUR100ITA,EURA14,2024-07-03 11:59:00,9e-05,0.02662,-0.00275,-0.0009484768625819527,0.023469631227975768,-0.004369097596760791
MUR100ITA,EURA14,2024-07-04 11:59:00,0.00073,0.02635,-0.00233,-0.0003084768625819527,0.02319963122797576,-0.0039490975967607905
MUR100ITA,EURA14,2024-07-05 11:59:00,0.00199,0.02587,-0.00216,0.000951523137418048,0.022719631227975767,-0.0037790975967607904
MUR100ITA,EURA14,2024-07-06 11:59:00,0.003,0.02513,0.00089,0.0019615231374180485,0.021979631227975763,-0.0007290975967607916
MUR100ITA,EURA14,2024-07-07 11:59:00,0.00247,0.02692,0.00479,0.0014315231374180475,0.023769631227975763,0.003170902403239209
MUR100ITA,EURA14,2024-07-08 11:59:00,0.00149,0.02627,0.00085,0.00045152313741804754,0.023119631227975765,-0.0007690975967607917
MUR100ITA,EURA14,2024-07-09 11:59:00,0.00151,0.02502,-0.0017,0.00047152313741804846,0.021869631227975764,-0.00331909759676079
MUR100ITA,EURA14,2024-07-10 11:59:00,0.00213,0.0268,0.00253,0.0010915231374180475,0.023649631227975768,0.0009109024032392093
MUR100ITA,EURA14,2024-07-11 11:59:00,0.00246,0.02761,-0.00086,0.001421523137418048,0.024459631227975766,-0.0024790975967607914
MUR100ITA,EURA14,2024-07-12 11:59:00,0.00161,0.026,0.00022,0.0005715231374180479,0.022849631227975765,-0.0013990975967607903
MUR100ITA,EURA14,2024-07-13 11:59:00,0.00188,0.02715,0.00135,0.0008415231374180473,0.023999631227975764,-0.0002690975967607912
MUR100ITA,EURA14,2024-07-14 11:59:00,0.00289,0.02623,-0.00042,0.0018515231374180477,0.023079631227975766,-0.002039097596760792
MUR100ITA,EURA14,2024-07-15 11:59:00,0.00064,0.02772,-0.00019,-0.0003984768625819525,0.024569631227975765,-0.001809097596760791
MUR100ITA,EURA14,2024-07-16 11:59:00,0.00053,0.02769,0.00119,-0.0005084768625819524,0.024539631227975763,-0.00042909759676079164
MUR100ITA,EURA14,2024-07-17 11:59:00,0.00103,0.02628,0.00872,-8.476862581952797e-06,0.023129631227975768,0.007100902403239209
MUR100ITA,EURA14,2024-07-18 11:59:00,-0.00011,0.02784,-0.00144,-0.0011484768625819523,0.024689631227975767,-0.003059097596760792
MUR100ITA,EURA14,2024-07-19 11:59:00,0.00245,0.0274,-0.00071,0.0014115231374180483,0.024249631227975764,-0.0023290975967607905
MUR100ITA,EURA14,2024-07-20 11:59:00,0.00049,0.02651,-0.007,-0.0005484768625819516,0.023359631227975762,-0.008619097596760791
MUR100ITA,EURA14,2024-07-21 11:59:00,-0.00081,0.02571,0.00352,-0.0018484768625819524,0.022559631227975767,0.0019009024032392088
MUR100ITA,EURA14,2024-07-22 11:59:00,-0.00138,0.02627,0.00583,-0.0024184768625819517,0.023119631227975765,0.00421090240323921
MUR100ITA,EURA14,2024-07-23 11:59:00,0.00071,0.02485,-0.00338,-0.0003284768625819519,0.021699631227975767,-0.004999097596760793
MUR100ITA,EURA14,2024-07-24 11:59:00,-0.00105,0.02652,0.00109,-0.002088476862581952,0.023369631227975765,-0.000529097596760791
MUR100ITA,EURA14,2024-07-25 11:59:00,-0.00043,0.02667,0.00217,-0.0014684768625819523,0.023519631227975762,0.0005509024032392101
MUR100ITA,EURA14,2024-07-26 11:59:00,0.00212,0.02669,0.00148,0.001081523137418048,0.02353963122797576,-0.0001390975967607913
MUR100ITA,EURA14,2024-07-27 11:59:00,-0.00184,0.02503,0.00127,-0.002878476862581952,0.021879631227975767,-0.0003490975967607914
MUR100ITA,EURA14,2024-07-28 11:59:00,-0.00061,0.02721,0.00144,-0.001648476862581952,0.024059631227975768,-0.00017909759676079141
MUR100ITA,EURA14,2024-07-29 11:59:00,-0.00035,0.02684,-0.008,-0.001388476862581952,0.023689631227975766,-0.009619097596760792
MUR100ITA,EURA14,2024-07-30 11:59:00,-0.0024,0.02666,-0.00337,-0.003438476862581952,0.023509631227975766,-0.00498909759676079
MUR100ITA,EURA14,2024-07-31 11:59:00,0.00108,0.02697,-0.00332,4.152313741804777e-05,0.023819631227975764,-0.004939097596760792
MUR100ITA,EURA14,2024-08-01 11:59:00,-0.00357,0.02324,-0.00614,-0.004608476862581952,0.020089631227975767,-0.007759097596760791
MUR100ITA,EURA14,2024-08-02 11:59:00,-0.00055,0.02617,-0.00211,-0.0015884768625819526,0.023019631227975762,-0.0037290975967607908
MUR100ITA,EURA14,2024-08-03 11:59:00,-0.00143,0.02583,-0.00269,-0.0024684768625819523,0.022679631227975762,-0.004309097596760791
MUR100ITA,EURA14,2024-08-04 11:59:00,-0.00228,0.02515,0.00159,-0.0033184768625819524,0.021999631227975762,-2.9097596760790587e-05
MUR100ITA,EURA14,2024-08-05 11:59:00,-0.00106,0.02492,0.00169,-0.0020984768625819526,0.021769631227975768,7.090240323920881e-05
MUR100ITA,EURA14,2024-08-06 11:59:00,-0.00234,0.02469,0.00167,-0.0033784768625819525,0.021539631227975767,5.090240323920962e-05
MUR100ITA,EURA14,2024-08-07 11:59:00,-0.00291,0.02366,0.00071,-0.003948476862581951,0.020509631227975764,-0.0009090975967607912
MUR100ITA,EURA14,2024-08-08 11:59:00,-0.00546,0.02439,-0.00416,-0.006498476862581952,0.021239631227975765,-0.005779097596760789
MUR100ITA,EURA14,2024-08-09 11:59:00,-0.00167,0.02638,-9e-05,-0.002708476862581952,0.023229631227975764,-0.0017090975967607915
MUR100ITA,EURA14,2024-08-10 11:59:00,-0.00263,0.0237,0.00074,-0.003668476862581952,0.020549631227975762,-0.0008790975967607906
MUR100ITA,EURA14,2024-08-11 11:59:00,-0.00072,0.0238,0.00361,-0.0017584768625819526,0.020649631227975765,0.0019909024032392086
MUR100ITA,EURA14,2024-08-12 11:59:00,-0.00158,0.02336,0.00326,-0.0026184768625819523,0.020209631227975762,0.001640902403239209
MUR100ITA,EURA14,2024-08-13 11:59:00,-0.00783,0.02089,-0.00501,-0.008868476862581952,0.017739631227975762,-0.006629097596760792
MUR100ITA,EURA14,2024-08-14 11:59:00,-0.00189,0.0245,-0.00539,-0.002928476862581952,0.021349631227975764,-0.007009097596760791
MUR100ITA,EURA14,2024-08-15 11:59:00,-0.0036,0.02512,-0.00593,-0.004638476862581953,0.021969631227975767,-0.0075490975967607895
MUR100ITA,EURA14,2024-08-16 11:59:00,-0.00303,0.02511,-0.00193,-0.004068476862581952,0.021959631227975764,-0.003549097596760791
MUR100ITA,EURA14,2024-08-17 11:59:00,-0.0023,0.02232,-0.00169,-0.0033384768625819524,0.019169631227975763,-0.0033090975967607905
MUR100ITA,EURA14,2024-08-18 11:59:00,-0.00304,0.02263,0.00282,-0.004078476862581953,0.019479631227975767,0.0012009024032392096
MUR100ITA,EURA14,2024-08-19 11:59:00,-0.00352,0.02261,-0.00078,-0.004558476862581953,0.01945963122797577,-0.002399097596760791
MUR100ITA,EURA14,2024-08-20 11:59:00,-0.00356,0.02086,-0.00206,-0.004598476862581953,0.017709631227975767,-0.003679097596760791
MUR100ITA,EURA14,2024-08-21 11:59:00,-0.00342,0.02205,0.00313,-0.0044584768625819515,0.018899631227975763,0.0015109024032392091
MUR100ITA,EURA14,2024-08-22 11:59:00,-0.0067,0.01676,0.00847,-0.007738476862581951,0.013609631227975769,0.006850902403239208
MUR100ITA,EURA14,2024-08-23 11:59:00,-0.00326,0.02316,-0.00095,-0.004298476862581953,0.020009631227975763,-0.002569097596760791
MUR100ITA,EURA14,2024-08-24 11:59:00,-0.00296,0.02388,-0.00406,-0.003998476862581953,0.02072963122797576,-0.005679097596760793
MUR100ITA,EURA14,2024-08-25 11:59:00,-0.0032,0.02137,-0.00103,-0.004238476862581952,0.018219631227975763,-0.0026490975967607914
MUR100ITA,EURA14,2024-08-26 11:59:00,-0.00546,0.02293,-0.00071,-0.006498476862581952,0.019779631227975762,-0.0023290975967607905
MUR100ITA,EURA14,2024-08-27 11:59:00,-0.00477,0.02308,0.00336,-0.005808476862581952,0.019929631227975766,0.0017409024032392102
MUR100ITA,EURA14,2024-08-28 11:59:00,-0.00425,0.02341,-0.00175,-0.005288476862581952,0.020259631227975763,-0.00336909759676079
MUR100ITA,EURA14,2024-08-29 11:59:00,-0.00542,0.02232,0.00302,-0.0064584768625819515,0.019169631227975763,0.0014009024032392101
MUR100ITA,EURA14,2024-08-30 11:59:00,-0.00394,0.0227,-0.00106,-0.004978476862581952,0.019549631227975768,-0.00267909759676079
MUR100ITA,EURA14,2024-08-31 11:59:00,-0.00525,0.0223,-0.00441,-0.0062884768625819515,0.019149631227975764,-0.006029097596760789
MUR100ITA,EURA14,2024-09-01 11:59:00,-0.00318,0.01909,0.00465,-0.0042184768625819526,0.015939631227975766,0.0030309024032392096
MUR100ITA,EURA14,2024-09-02 11:59:00,-0.0048,0.02113,0.0002,-0.005838476862581952,0.017979631227975766,-0.0014190975967607912
MUR100ITA,EURA14,2024-09-03 11:59:00,-0.00205,0.02171,-0.01196,-0.003088476862581952,0.018559631227975763,-0.01357909759676079
MUR100ITA,EURA14,2024-09-04 11:59:00,-0.00685,0.02287,-0.00011,-0.007888476862581952,0.019719631227975765,-0.0017290975967607907
MUR100ITA,EURA14,2024-09-05 11:59:00,-0.00488,0.02226,-0.00025,-0.005918476862581952,0.019109631227975765,-0.001869097596760792
MUR100ITA,EURA14,2024-09-06 11:59:00,-0.0032,0.0221,0.00261,-0.004238476862581952,0.018949631227975765,0.0009909024032392095
MUR100ITA,EURA14,2024-09-07 11:59:00,-0.00462,0.01943,0.00155,-0.005658476862581952,0.016279631227975766,-6.909759676079069e-05
MUR100ITA,EURA14,2024-09-08 11:59:00,-0.00447,0.01971,0.00163,-0.005508476862581952,0.01655963122797576,1.0902403239209518e-05
MUR100ITA,EURA14,2024-09-09 11:59:00,-0.00393,0.02123,0.00551,-0.004968476862581952,0.018079631227975762,0.0038909024032392093
MUR100ITA,EURA14,2024-09-10 11:59:00,-0.0015,0.0218,-0.00205,-0.002538476862581952,0.018649631227975763,-0.0036690975967607915
MUR100ITA,EURA14,2024-09-11 11:59:00,-0.00461,0.02099,0.00097,-0.005648476862581952,0.017839631227975765,-0.0006490975967607913
MUR100ITA,EURA14,2024-09-12 11:59:00,-0.00359,0.02094,0.00669,-0.0046284768625819515,0.017789631227975763,0.00507090240323921
MUR100ITA,EURA14,2024-09-13 11:59:00,-0.00279,0.02134,-0.00159,-0.0038284768625819524,0.018189631227975768,-0.003209097596760791
MUR100ITA,EURA14,2024-09-14 11:59:00,-0.00324,0.02159,0.00048,-0.004278476862581952,0.018439631227975768,-0.0011390975967607905
MUR100ITA,EURA14,2024-09-15 11:59:00,-0.00189,0.0224,0.00464,-0.002928476862581952,0.019249631227975766,0.00302090240323921
MUR100ITA,EURA14,2024-09-16 11:59:00,-0.00172,0.02231,0.0051,-0.002758476862581952,0.019159631227975767,0.0034809024032392104
MUR100ITA,EURA14,2024-09-17 11:59:00,-0.00212,0.02265,-0.00028,-0.003158476862581952,0.019499631227975767,-0.0018990975967607907
MUR100ITA,EURA14,2024-09-18 11:59:00,-0.00276,0.02134,0.00235,-0.003798476862581952,0.018189631227975768,0.0007309024032392097
MUR100ITA,EURA14,2024-09-19 11:59:00,-0.00288,0.0208,-4e-05,-0.003918476862581953,0.017649631227975762,-0.00165909759676079
MUR100ITA,EURA14,2024-09-20 11:59:00,-0.00168,0.0217,-0.00021,-0.0027184768625819525,0.018549631227975767,-0.00182909759676079
MUR100ITA,EURA14,2024-09-21 11:59:00,-0.00319,0.0222,-0.0001,-0.004228476862581952,0.019049631227975768,-0.0017190975967607911
MUR100ITA,EURA14,2024-09-22 11:59:00,-0.0016,0.02302,0.00236,-0.0026384768625819523,0.019869631227975762,0.0007409024032392093
MUR100ITA,EURA14,2024-09-23 11:59:00,-0.00398,0.02299,-0.00032,-0.005018476862581952,0.019839631227975767,-0.0019390975967607908
MUR100ITA,EURA14,2024-09-24 11:59:00,-0.00093,0.02307,0.0024,-0.0019684768625819527,0.019919631227975763,0.0007809024032392094
MUR100ITA,EURA14,2024-09-25 11:59:00,0.00037,0.02441,-0.00059,-0.0006684768625819519,0.021259631227975764,-0.002209097596760792
MUR100ITA,EURA14,2024-09-26 11:59:00,-0.00381,0.02081,0.00172,-0.004848476862581953,0.017659631227975765,0.00010090240323920932
MUR100ITA,EURA14,2024-09-27 11:59:00,0.00504,0.02398,0.00279,0.004001523137418049,0.020829631227975764,0.001170902403239209
MUR100ITA,EURA14,2024-09-28 11:59:00,-0.00252,0.02163,0.00793,-0.003558476862581952,0.018479631227975767,0.0063109024032392096
MUR100ITA,EURA14,2024-09-29 11:59:00,-0.00116,0.02273,-0.00069,-0.002198476862581952,0.019579631227975763,-0.0023090975967607914
MUR100ITA,EURA14,2024-09-30 11:59:00,-0.00052,0.02216,0.00019,-0.001558476862581952,0.019009631227975762,-0.0014290975967607908
MUR100ITA,EURA14,2024-10-01 11:59:00,-0.00179,0.02262,-0.00015,-0.0028284768625819524,0.019469631227975764,-0.0017690975967607908
MUR100ITA,EURA14,2024-10-02 11:59:00,-0.00154,0.02076,0.0072,-0.002578476862581952,0.017609631227975764,0.00558090240323921
MUR100ITA,EURA14,2024-10-03 11:59:00,0.00034,0.02227,0.00246,-0.0006984768625819524,0.019119631227975768,0.0008409024032392087
MUR100ITA,EURA14,2024-10-04 11:59:00,-0.00064,0.02512,0.00603,-0.0016784768625819524,0.021969631227975767,0.004410902403239209
MUR100ITA,EURA14,2024-10-05 11:59:00,-0.0003,0.0229,0.00423,-0.0013384768625819524,0.019749631227975767,0.0026109024032392094
MUR100ITA,EURA14,2024-10-06 11:59:00,0.0007,0.0245,-0.00061,-0.00033847686258195236,0.021349631227975764,-0.002229097596760791
MUR100ITA,EURA14,2024-10-07 11:59:00,0.00026,0.0225,-0.00377,-0.0007784768625819526,0.019349631227975762,-0.005389097596760791
MUR100ITA,EURA14,2024-10-08 11:59:00,0.00065,0.02342,0.00324,-0.0003884768625819529,0.020269631227975766,0.001620902403239208
MUR100ITA,EURA14,2024-10-09 11:59:00,-0.00301,0.02311,-0.00204,-0.0040484768625819526,0.019959631227975762,-0.003659097596760792
MUR100ITA,EURA14,2024-10-10 11:59:00,0.00129,0.02558,0.00421,0.000251523137418047,0.022429631227975762,0.00259090240323921
MUR100ITA,EURA14,2024-10-11 11:59:00,-0.00025,0.02452,0.00497,-0.0012884768625819527,0.021369631227975763,0.0033509024032392087
MUR100ITA,EURA14,2024-10-12 11:59:00,-0.00071,0.02361,-0.00125,-0.0017484768625819522,0.020459631227975762,-0.002869097596760791
MUR100ITA,EURA14,2024-10-13 11:59:00,-0.00181,0.02301,-0.00132,-0.0028484768625819524,0.019859631227975766,-0.00293909759676079
MUR100ITA,EURA14,2024-10-14 11:59:00,0.0002,0.02314,0.00012,-0.0008384768625819519,0.019989631227975764,-0.0014990975967607914
MUR100ITA,EURA14,2024-10-15 11:59:00,-0.00136,0.02234,-0.00212,-0.0023984768625819526,0.019189631227975762,-0.0037390975967607903
MUR100ITA,EURA14,2024-10-16 11:59:00,-0.00078,0.02486,0.00125,-0.001818476862581952,0.021709631227975763,-0.0003690975967607906
MUR100ITA,EURA14,2024-10-17 11:59:00,-0.00022,0.02406,0.00256,-0.0012584768625819522,0.020909631227975768,0.0009409024032392098
MUR100ITA,EURA14,2024-10-18 11:59:00,0.00094,0.02448,-0.00353,-9.84768625819526e-05,0.021329631227975765,-0.00514909759676079
MUR100ITA,EURA14,2024-10-19 11:59:00,-0.00152,0.02431,0.00153,-0.002558476862581952,0.02115963122797576,-8.909759676079161e-05
MUR100ITA,EURA14,2024-10-20 11:59:00,-0.00268,0.02301,-0.00299,-0.0037184768625819526,0.019859631227975766,-0.004609097596760791
MUR100ITA,EURA14,2024-10-21 11:59:00,-0.00124,0.02232,-0.00464,-0.0022784768625819522,0.019169631227975763,-0.00625909759676079
MUR100ITA,EURA14,2024-10-22 11:59:00,0.00208,0.02406,-0.00667,0.0010415231374180478,0.020909631227975768,-0.00828909759676079
MUR100ITA,EURA14,2024-10-23 11:59:00,0.00054,0.02466,4e-05,-0.0004984768625819519,0.021509631227975765,-0.0015790975967607899
MUR100ITA,EURA14,2024-10-24 11:59:00,-0.00115,0.02383,-0.00517,-0.0021884768625819524,0.020679631227975767,-0.006789097596760793
MUR100ITA,EURA14,2024-10-25 11:59:00,-0.00111,0.02311,-0.00252,-0.0021484768625819523,0.019959631227975762,-0.004139097596760791
MUR100ITA,EURA14,2024-10-26 11:59:00,0.00028,0.02284,-0.00018,-0.0007584768625819517,0.019689631227975762,-0.0017990975967607913
MUR100ITA,EURA14,2024-10-27 11:59:00,0.001,0.02336,-0.00063,-3.8476862581951574e-05,0.020209631227975762,-0.0022490975967607903
MUR100ITA,EURA14,2024-10-28 11:59:00,-0.00139,0.02424,-0.00295,-0.002428476862581952,0.021089631227975768,-0.004569097596760791
MUR100ITA,EURA14,2024-10-29 11:59:00,-1e-05,0.02307,-0.00352,-0.001048476862581952,0.019919631227975763,-0.0051390975967607905
MUR100ITA,EURA14,2024-10-30 11:59:00,-0.00049,0.02232,0.00039,-0.0015284768625819524,0.019169631227975763,-0.0012290975967607903
MUR100ITA,EURA14,2024-10-31 11:59:00,0.00124,0.02415,-0.00702,0.00020152313741804732,0.020999631227975768,-0.00863909759676079
MUR100ITA,EURA14,2024-11-01 11:59:00,0.00058,0.02466,-0.00295,-0.0004584768625819518,0.021509631227975765,-0.004569097596760791
MUR100ITA,EURA14,2024-11-02 11:59:00,-0.00092,0.02423,0.00191,-0.0019584768625819523,0.021079631227975765,0.0002909024032392085
MUR100ITA,EURA14,2024-11-03 11:59:00,0.00013,0.02314,-0.00043,-0.0009084768625819526,0.019989631227975764,-0.0020490975967607915
MUR100ITA,EURA14,2024-11-04 11:59:00,0.00065,0.02315,0.00069,-0.0003884768625819529,0.019999631227975767,-0.0009290975967607903
MUR100ITA,EURA14,2024-11-05 11:59:00,0.00048,0.02329,-0.00043,-0.0005584768625819521,0.02013963122797577,-0.0020490975967607915
MUR100ITA,EURA14,2024-11-06 11:59:00,0.00037,0.02333,0.00515,-0.0006684768625819519,0.020179631227975767,0.00353090240323921
MUR100ITA,EURA14,2024-11-07 11:59:00,0.0,0.02275,-0.00093,-0.0010384768625819525,0.019599631227975763,-0.002549097596760792
MUR100ITA,EURA14,2024-11-08 11:59:00,2e-05,0.02289,0.00026,-0.0010184768625819524,0.019739631227975764,-0.001359097596760792
MUR100ITA,EURA14,2024-11-09 11:59:00,-0.00127,0.02325,0.00308,-0.0023084768625819528,0.020099631227975763,0.0014609024032392094
MUR100ITA,EURA14,2024-11-10 11:59:00,-0.00039,0.02286,0.00241,-0.0014284768625819522,0.01970963122797576,0.000790902403239209
MUR100ITA,EURA14,2024-11-11 11:59:00,-0.00088,0.02336,0.00103,-0.0019184768625819522,0.020209631227975762,-0.0005890975967607903
MUR100ITA,EURA14,2024-11-12 11:59:00,-0.00047,0.02328,-1e-05,-0.0015084768625819524,0.020129631227975765,-0.0016290975967607913
MUR100ITA,EURA14,2024-11-13 11:59:00,-0.00089,0.0228,0.00244,-0.0019284768625819526,0.019649631227975764,0.0008209024032392095
MUR100ITA,EURA14,2024-11-14 11:59:00,-0.00062,0.02342,-0.00173,-0.0016584768625819524,0.020269631227975766,-0.0033490975967607906
MUR100ITA,EURA14,2024-11-15 11:59:00,0.00226,0.02236,0.00255,0.0012215231374180474,0.019209631227975768,0.0009309024032392085
MUR100ITA,EURA14,2024-11-16 11:59:00,-3e-05,0.02345,0.00094,-0.001068476862581952,0.020299631227975762,-0.0006790975967607901
MUR100ITA,EURA14,2024-11-17 11:59:00,-0.00019,0.02385,-0.00133,-0.0012284768625819525,0.020699631227975766,-0.0029490975967607913
MUR100ITA,EURA14,2024-11-18 11:59:00,0.00048,0.02183,0.00108,-0.0005584768625819521,0.018679631227975765,-0.0005390975967607906
MUR100ITA,EURA14,2024-11-19 11:59:00,0.00041,0.02284,-0.0015,-0.0006284768625819518,0.019689631227975762,-0.0031190975967607913
MUR100ITA,EURA14,2024-11-20 11:59:00,0.00212,0.02622,0.0022,0.001081523137418048,0.023069631227975763,0.0005809024032392088
MUR100ITA,EURA14,2024-11-21 11:59:00,0.00166,0.02274,0.00532,0.0006215231374180476,0.019589631227975766,0.00370090240323921
MUR100ITA,EURA14,2024-11-22 11:59:00,0.00109,0.02301,-0.00229,5.152313741804823e-05,0.019859631227975766,-0.00390909759676079
MUR100ITA,EURA14,2024-11-23 11:59:00,0.00042,0.02401,-0.00386,-0.0006184768625819522,0.020859631227975767,-0.005479097596760791
MUR100ITA,EURA14,2024-11-24 11:59:00,0.00158,0.02306,-0.0081,0.0005415231374180473,0.019909631227975767,-0.009719097596760791
MUR100ITA,EURA14,2024-11-25 11:59:00,0.00066,0.02234,-0.00208,-0.0003784768625819516,0.019189631227975762,-0.0036990975967607902
MUR100ITA,EURA14,2024-11-26 11:59:00,0.00021,0.02166,-0.00259,-0.0008284768625819523,0.018509631227975762,-0.00420909759676079
MUR100ITA,EURA14,2024-11-27 11:59:00,0.00104,0.02295,-0.004,1.5231374180476633e-06,0.01979963122797577,-0.005619097596760788
MUR100ITA,EURA14,2024-11-28 11:59:00,0.00079,0.02241,-0.00158,-0.0002484768625819517,0.019259631227975763,-0.00319909759676079
MUR100ITA,EURA14,2024-11-29 11:59:00,-0.00061,0.02211,-0.00162,-0.001648476862581952,0.018959631227975768,-0.0032390975967607916
MUR100ITA,EURA14,2024-11-30 11:59:00,-0.00138,0.02182,0.00221,-0.0024184768625819517,0.018669631227975762,0.0005909024032392084
MUR100ITA,EURA14,2024-12-01 11:59:00,-0.00046,0.02168,-0.00143,-0.0014984768625819528,0.018529631227975768,-0.0030490975967607907
MUR100ITA,EURA14,2024-12-02 11:59:00,7e-05,0.02149,-0.00337,-0.0009684768625819518,0.018339631227975765,-0.00498909759676079
MUR100ITA,EURA14,2024-12-03 11:59:00,-0.00012,0.02258,-0.00132,-0.0011584768625819528,0.019429631227975766,-0.00293909759676079
MUR100ITA,EURA14,2024-12-04 11:59:00,0.00055,0.02292,-0.00251,-0.0004884768625819523,0.019769631227975766,-0.00412909759676079
MUR100ITA,EURA14,2024-12-05 11:59:00,-0.00058,0.02239,-0.00243,-0.0016184768625819522,0.019239631227975763,-0.00404909759676079
MUR100ITA,EURA14,2024-12-06 11:59:00,-0.00093,0.02214,-0.00286,-0.0019684768625819527,0.018989631227975763,-0.004479097596760791
MUR100ITA,EURA14,2024-12-07 11:59:00,-0.00043,0.02128,-0.00405,-0.0014684768625819523,0.018129631227975763,-0.00566909759676079
MUR100ITA,EURA14,2024-12-08 11:59:00,0.00157,0.02104,0.0061,0.0005315231374180478,0.017889631227975766,0.0044809024032392095
MUR100ITA,EURA14,2024-12-09 11:59:00,0.00024,0.02253,0.00205,-0.0007984768625819518,0.019379631227975765,0.00043090240323920975
MUR100ITA,EURA14,2024-12-10 11:59:00,0.00013,0.02305,-0.00054,-0.0009084768625819526,0.019899631227975764,-0.0021590975967607905
MUR100ITA,EURA14,2024-12-11 11:59:00,-0.00065,0.02224,-0.00152,-0.001688476862581952,0.019089631227975766,-0.0031390975967607905
MUR100ITA,EURA14,2024-12-12 11:59:00,-0.00054,0.02214,0.00036,-0.0015784768625819521,0.018989631227975763,-0.0012590975967607908
MUR100ITA,EURA14,2024-12-13 11:59:00,-0.00057,0.02312,-0.00321,-0.0016084768625819518,0.019969631227975765,-0.004829097596760789
MUR100ITA,EURA14,2024-12-14 11:59:00,-0.00107,0.02274,-0.00488,-0.0021084768625819522,0.019589631227975766,-0.006499097596760791
MUR100ITA,EURA14,2024-12-15 11:59:00,-0.00053,0.02264,-0.00516,-0.0015684768625819517,0.019489631227975764,-0.00677909759676079
MUR100ITA,EURA14,2024-12-16 11:59:00,-0.00024,0.02205,-0.00487,-0.0012784768625819522,0.018899631227975763,-0.006489097596760791
MUR100ITA,EURA14,2024-12-17 11:59:00,-0.00101,0.02247,-0.00363,-0.002048476862581952,0.019319631227975767,-0.005249097596760793
MUR100ITA,EURA14,2024-12-18 11:59:00,-0.00124,0.02212,-0.00456,-0.0022784768625819522,0.018969631227975764,-0.00617909759676079
MUR100ITA,EURA14,2024-12-19 11:59:00,-0.00024,0.02342,0.00055,-0.0012784768625819522,0.020269631227975766,-0.0010690975967607898
MUR100ITA,EURA14,2024-12-20 11:59:00,-0.0007150000000000001,0.023,-0.0004199999999999999,-0.0017534768625819528,0.019849631227975763,-0.0020390975967607902
MUR100ITA,EURA14,2024-12-21 11:59:00,-0.00119,0.02258,-0.00139,-0.0022284768625819525,0.019429631227975766,-0.0030090975967607906
MUR100ITA,EURA14,2024-12-22 11:59:00,0.00029,0.02333,0.00082,-0.0007484768625819521,0.020179631227975767,-0.0007990975967607904
MUR100ITA,EURA14,2024-12-23 11:59:00,-0.00218,0.02348,-0.00329,-0.003218476862581952,0.020329631227975764,-0.004909097596760793
MUR100ITA,EURA14,2024-12-24 11:59:00,-0.00485,0.01829,0.00221,-0.005888476862581952,0.015139631227975766,0.0005909024032392084
MUR100ITA,EURA14,2024-12-25 11:59:00,-0.0007,0.02367,0.0055,-0.0017384768625819517,0.020519631227975767,0.0038809024032392097
MUR100ITA,EURA14,2024-12-26 11:59:00,-0.00124,0.02348,-0.00417,-0.0022784768625819522,0.020329631227975764,-0.005789097596760792
MUR100ITA,EURA14,2024-12-27 11:59:00,-0.00131,0.0249,-0.00384,-0.002348476862581952,0.02174963122797576,-0.005459097596760791
MUR100ITA,EURA14,2024-12-28 11:59:00,-0.00123,0.02402,0.00013,-0.0022684768625819527,0.020869631227975763,-0.00148909759676079
MUR100ITA,EURA14,2024-12-29 11:59:00,-0.00017,0.02451,-0.00262,-0.0012084768625819525,0.021359631227975767,-0.004239097596760791
MUR100ITA,EURA14,2025-01-01 11:59:00,-0.0003,0.02218,-0.00421,-0.0013384768625819524,0.01902963122797576,-0.00582909759676079
MUR100ITA,EURA14,2025-01-02 11:59:00,4e-05,0.02358,0.00117,-0.0009984768625819524,0.020429631227975767,-0.0004490975967607908
MUR100ITA,EURA14,2025-01-03 11:59:00,-6e-05,0.02346,0.00394,-0.0010984768625819518,0.020309631227975765,0.002320902403239209
MUR100ITA,EURA14,2025-01-04 11:59:00,-0.00134,0.0222,0.00802,-0.0023784768625819525,0.019049631227975768,0.006400902403239209
MUR100ITA,EURA14,2025-01-05 11:59:00,-0.00041,0.02348,-0.00174,-0.0014484768625819522,0.020329631227975764,-0.00335909759676079
MUR100ITA,EURA14,2025-01-06 11:59:00,-0.00098,0.01929,0.0078,-0.0020184768625819524,0.016139631227975765,0.00618090240323921
MUR100ITA,EURA14,2025-01-07 11:59:00,-0.00038,0.02358,-0.00297,-0.0014184768625819526,0.020429631227975767,-0.00458909759676079
MUR100ITA,EURA14,2025-01-08 11:59:00,0.0009,0.02285,-0.00024,-0.0001384768625819527,0.019699631227975765,-0.0018590975967607906
MUR100ITA,EURA14,2025-01-09 11:59:00,0.00108,0.02412,-0.00509,4.152313741804777e-05,0.020969631227975766,-0.006709097596760789
MUR100ITA,EURA14,2025-01-10 11:59:00,0.00052,0.02394,0.00115,-0.0005184768625819528,0.020789631227975766,-0.00046909759676079
MUR100ITA,EURA14,2025-01-11 11:59:00,-0.00092,0.02318,0.0038,-0.0019584768625819523,0.020029631227975762,0.0021809024032392096
MUR100ITA,EURA14,2025-01-12 11:59:00,-0.00194,0.0252,0.00267,-0.0029784768625819523,0.022049631227975763,0.0010509024032392088
MUR100ITA,EURA14,2025-01-13 11:59:00,0.00311,0.02468,0.00197,0.0020715231374180475,0.021529631227975764,0.00035090240323920954
MUR100ITA,EURA14,2025-01-14 11:59:00,0.00144,0.02374,-0.00336,0.00040152313741804785,0.020589631227975767,-0.00497909759676079
MUR100ITA,EURA14,2025-01-15 11:59:00,-0.00031,0.02461,0.00168,-0.001348476862581952,0.021459631227975763,6.0902403239209216e-05
MUR100ITA,EURA14,2025-01-16 11:59:00,0.00302,0.03048,-0.00771,0.0019815231374180477,0.027329631227975763,-0.009329097596760793
MUR100ITA,EURA14,2025-01-17 11:59:00,-0.00054,0.02571,-0.00201,-0.0015784768625819521,0.022559631227975767,-0.0036290975967607914
MUR100ITA,EURA14,2025-01-18 11:59:00,-0.00276,0.02474,-0.00366,-0.003798476862581952,0.021589631227975768,-0.005279097596760788
MUR100ITA,EURA14,2025-01-19 11:59:00,0.00048,0.02426,0.00069,-0.0005584768625819521,0.021109631227975767,-0.0009290975967607903
MUR100ITA,EURA14,2025-01-20 11:59:00,-7e-05,0.02395,0.0024,-0.0011084768625819522,0.020799631227975762,0.0007809024032392094
MUR100ITA,EURA14,2025-01-21 11:59:00,0.00065,0.02328,0.00055,-0.0003884768625819529,0.020129631227975765,-0.0010690975967607898
MUR100ITA,EURA14,2025-01-22 11:59:00,0.00015,0.02415,-0.00296,-0.0008884768625819516,0.020999631227975768,-0.004579097596760791
MUR100ITA,EURA14,2025-01-23 11:59:00,-0.00311,0.02377,0.00381,-0.004148476862581952,0.020619631227975763,0.002190902403239209
MUR100ITA,EURA14,2025-01-24 11:59:00,0.0005,0.02474,-0.00135,-0.000538476862581952,0.021589631227975768,-0.0029690975967607905
MUR100ITA,EURA14,2025-01-25 11:59:00,0.00092,0.02416,0.00158,-0.00011847686258195178,0.021009631227975764,-3.909759676079018e-05
MUR100ITA,EURA14,2025-01-26 11:59:00,0.0012,0.02431,0.00186,0.00016152313741804722,0.02115963122797576,0.00024090240323920882
MUR100ITA,EURA14,2025-01-27 11:59:00,0.00111,0.02395,0.00284,7.152313741804741e-05,0.020799631227975762,0.0012209024032392088
MUR100ITA,EURA14,2025-01-28 11:59:00,0.00391,0.02625,0.00871,0.002871523137418048,0.023099631227975766,0.007090902403239209
MUR100ITA,EURA14,2025-01-29 11:59:00,0.00014,0.02506,-0.00274,-0.0008984768625819521,0.021909631227975762,-0.004359097596760791
MUR100ITA,EURA14,2025-01-30 11:59:00,0.00021,0.02518,-0.00313,-0.0008284768625819523,0.022029631227975764,-0.0047490975967607926
MUR100ITA,EURA14,2025-01-31 11:59:00,-0.0001,0.0249,-0.00181,-0.0011384768625819519,0.02174963122797576,-0.003429097596760791
MUR100ITA,EURA14,2025-02-01 11:59:00,-0.00019,0.02404,0.00025,-0.0012284768625819525,0.020889631227975762,-0.0013690975967607915
MUR100ITA,EURA14,2025-02-02 11:59:00,-0.00177,0.02382,0.0038,-0.0028084768625819523,0.020669631227975764,0.0021809024032392096
MUR100ITA,EURA14,2025-02-03 11:59:00,-0.00049,0.025,0.00245,-0.0015284768625819524,0.021849631227975765,0.0008309024032392091
MUR100ITA,EURA14,2025-02-04 11:59:00,-0.00068,0.02419,0.00017,-0.0017184768625819525,0.021039631227975766,-0.0014490975967607917
MUR100ITA,EURA14,2025-02-05 11:59:00,0.0006,0.02559,-0.00175,-0.0004384768625819526,0.022439631227975765,-0.00336909759676079
MUR100ITA,EURA14,2025-02-06 11:59:00,-0.00075,0.02399,0.00178,-0.0017884768625819523,0.020839631227975768,0.0001609024032392086
MUR100ITA,EURA14,2025-02-07 11:59:00,0.00055,0.02476,-0.00272,-0.0004884768625819523,0.021609631227975767,-0.004339097596760792
MUR100ITA,EURA14,2025-02-08 11:59:00,-0.00043,0.02471,0.00114,-0.0014684768625819523,0.021559631227975766,-0.00047909759676079133
MUR100ITA,EURA14,2025-02-09 11:59:00,-0.00036,0.02528,0.00062,-0.0013984768625819525,0.022129631227975767,-0.000999097596760791
MUR100ITA,EURA14,2025-02-10 11:59:00,0.00027,0.02539,-0.00169,-0.0007684768625819522,0.022239631227975766,-0.0033090975967607905
MUR100ITA,EURA14,2025-02-11 11:59:00,-0.00013,0.02548,-5e-05,-0.0011684768625819524,0.022329631227975766,-0.0016690975967607914
MUR100ITA,EURA14,2025-02-12 11:59:00,-0.001,0.02546,-0.00539,-0.0020384768625819525,0.022309631227975767,-0.007009097596760791
MUR100ITA,EURA14,2025-02-13 11:59:00,-0.00078,0.02532,0.00364,-0.001818476862581952,0.022169631227975765,0.002020902403239209
MUR100ITA,EURA14,2025-02-14 11:59:00,0.00114,0.02481,0.00416,0.00010152313741804793,0.021659631227975762,0.0025409024032392088
MUR100ITA,EURA14,2025-02-15 11:59:00,-0.00075,0.0237,-0.00102,-0.0017884768625819523,0.020549631227975762,-0.002639097596760792
MUR100ITA,EURA14,2025-02-16 11:59:00,-0.0006,0.02374,0.00221,-0.0016384768625819523,0.020589631227975767,0.0005909024032392084
MUR100ITA,EURA14,2025-02-17 11:59:00,-0.00049,0.02338,0.00025,-0.0015284768625819524,0.020229631227975768,-0.0013690975967607915
MUR100ITA,EURA14,2025-02-18 11:59:00,0.00025,0.02463,-0.00124,-0.0007884768625819522,0.021479631227975762,-0.0028590975967607898
MUR100ITA,EURA14,2025-02-19 11:59:00,0.0001,0.02565,-0.00277,-0.0009384768625819522,0.022499631227975762,-0.00438909759676079
MUR100ITA,EURA14,2025-02-20 11:59:00,-0.00034,0.02628,-0.00473,-0.0013784768625819525,0.023129631227975768,-0.00634909759676079
MUR100ITA,EURA14,2025-02-21 11:59:00,-0.00025,0.02498,-0.00227,-0.0012884768625819527,0.021829631227975765,-0.003889097596760791
MUR100ITA,EURA14,2025-02-22 11:59:00,-0.00033,0.02419,-0.00182,-0.001368476862581952,0.021039631227975766,-0.0034390975967607904
MUR100ITA,EURA14,2025-02-23 11:59:00,-0.00017,0.02542,-0.00479,-0.0012084768625819525,0.02226963122797577,-0.006409097596760791
MUR100ITA,EURA14,2025-02-24 11:59:00,-0.00073,0.02553,-0.00519,-0.0017684768625819522,0.022379631227975767,-0.006809097596760792
MUR100ITA,EURA14,2025-02-25 11:59:00,-9e-05,0.02702,-0.00214,-0.0011284768625819523,0.023869631227975766,-0.0037590975967607913
MUR100ITA,EURA14,2025-02-26 11:59:00,-0.00024,0.02675,-0.0011,-0.0012784768625819522,0.023599631227975766,-0.002719097596760792
MUR100ITA,EURA14,2025-02-27 11:59:00,-0.00017,0.02606,0.00073,-0.0012084768625819525,0.022909631227975763,-0.0008890975967607902
MUR100ITA,EURA14,2025-02-28 11:59:00,-0.00026,0.02579,0.00296,-0.0012984768625819523,0.022639631227975764,0.001340902403239209
MUR100ITA,EURA14,2025-03-01 11:59:00,-0.00195,0.02507,0.00217,-0.002988476862581952,0.021919631227975765,0.0005509024032392101
MUR100ITA,EURA14,2025-03-02 11:59:00,-0.00041,0.02579,0.00359,-0.0014484768625819522,0.022639631227975764,0.0019709024032392095
MUR100ITA,EURA14,2025-03-03 11:59:00,0.00066,0.02528,-0.0023,-0.0003784768625819516,0.022129631227975767,-0.003919097596760792
MUR100ITA,EURA14,2025-03-04 11:59:00,-0.00058,0.02521,0.00139,-0.0016184768625819522,0.022059631227975766,-0.0002290975967607911
MUR100ITA,EURA14,2025-03-05 11:59:00,0.00075,0.02529,-0.00195,-0.0002884768625819518,0.022139631227975763,-0.0035690975967607903
MUR100ITA,EURA14,2025-03-06 11:59:00,0.00107,0.02488,-0.00067,3.152313741804731e-05,0.021729631227975763,-0.0022890975967607904
MUR100ITA,EURA14,2025-03-07 11:59:00,0.00027,0.02672,-0.00034,-0.0007684768625819522,0.023569631227975764,-0.0019590975967607917
MUR100ITA,EURA14,2025-03-08 11:59:00,-0.00068,0.0264,0.00082,-0.0017184768625819525,0.023249631227975763,-0.0007990975967607904
MUR100ITA,EURA14,2025-03-09 11:59:00,0.00053,0.02576,-0.00146,-0.0005084768625819524,0.02260963122797577,-0.003079097596760791
MUR100ITA,EURA14,2025-03-10 11:59:00,0.00219,0.02437,-0.00134,0.0011515231374180485,0.021219631227975766,-0.002959097596760791
MUR100ITA,EURA14,2025-03-11 11:59:00,0.00038,0.02453,0.00537,-0.0006584768625819523,0.021379631227975766,0.00375090240323921
MUR100ITA,EURA14,2025-03-12 11:59:00,0.0033,0.02887,0.00336,0.0022615231374180484,0.025719631227975763,0.0017409024032392102
MUR100ITA,EURA14,2025-03-13 11:59:00,0.00329,0.0253,0.00932,0.002251523137418047,0.022149631227975766,0.0077009024032392084
MUR100ITA,EURA14,2025-03-14 11:59:00,0.00252,0.02437,7e-05,0.0014815231374180472,0.021219631227975766,-0.001549097596760791
MUR100ITA,EURA14,2025-03-15 11:59:00,0.00236,0.02646,-0.00122,0.0013215231374180485,0.023309631227975768,-0.0028390975967607906
MUR100ITA,EURA14,2025-03-16 11:59:00,-0.00022,0.02566,-0.00329,-0.0012584768625819522,0.022509631227975765,-0.004909097596760793
MUR100ITA,EURA14,2025-03-17 11:59:00,-0.00034,0.02673,-0.00017,-0.0013784768625819525,0.023579631227975767,-0.0017890975967607917
MUR100ITA,EURA14,2025-03-18 11:59:00,-0.00074,0.027,-0.00327,-0.0017784768625819518,0.023849631227975766,-0.00488909759676079
MUR100ITA,EURA14,2025-03-19 11:59:00,-0.0003,0.02667,-0.00309,-0.0013384768625819524,0.023519631227975762,-0.004709097596760791
MUR100ITA,EURA14,2025-03-20 11:59:00,0.00106,0.02648,-0.00602,2.1523137418047716e-05,0.023329631227975767,-0.007639097596760789
MUR100ITA,EURA14,2025-03-21 11:59:00,0.00043,0.02653,-0.00299,-0.0006084768625819526,0.023379631227975768,-0.004609097596760791
MUR100ITA,EURA14,2025-03-22 11:59:00,-0.00055,0.02799,0.00212,-0.0015884768625819526,0.024839631227975764,0.0005009024032392086
MUR100ITA,EURA14,2025-03-23 11:59:00,-0.00119,0.02688,0.00356,-0.0022284768625819525,0.023729631227975764,0.001940902403239209
MUR100ITA,EURA14,2025-03-24 11:59:00,0.00071,0.02583,0.0015,-0.0003284768625819519,0.022679631227975762,-0.00011909759676079039
MUR100ITA,EURA14,2025-03-25 11:59:00,-0.00058,0.02748,-0.00068,-0.0016184768625819522,0.024329631227975768,-0.0022990975967607918
